lcl|NC_002516.2_prot_NP_248722.1_32	NP_250746.1	26.446	242	167	3	8	243	1	237	1.02e-12	61.6
lcl|NC_002516.2_prot_NP_248727.1_38	NP_250746.1	28.986	138	96	1	8	143	3	140	1.18e-09	52.4
lcl|NC_002516.2_prot_NP_248746.1_57	NP_250746.1	35.333	300	185	4	1	297	1	294	3.68e-42	142
lcl|NC_002516.2_prot_NP_248773.1_84	WP_013696463.1	40.000	170	101	1	1	169	1	170	2.34e-38	124
lcl|NC_002516.2_prot_NP_248775.1_86	NP_248775.1	100.000	162	0	0	1	162	1	162	2.11e-121	333
lcl|NC_002516.2_prot_NP_248781.1_92	NP_248781.1	100.000	643	0	0	1	643	1	643	0.0	1331
lcl|NC_002516.2_prot_NP_248783.1_94	NP_248783.1	100.000	430	0	0	1	430	1	430	0.0	868
lcl|NC_002516.2_prot_NP_248785.1_96	NP_248785.1	100.000	741	0	0	1	741	1	741	0.0	1530
lcl|NC_002516.2_prot_NP_248789.1_100	NP_248789.1	100.000	386	0	0	1	386	1	386	0.0	801
lcl|NC_002516.2_prot_NP_248813.1_124	NP_250746.1	38.587	184	112	1	1	184	1	183	3.08e-31	113
lcl|NC_002516.2_prot_NP_248823.1_134	NP_250746.1	29.319	191	113	6	15	195	1	179	3.37e-10	54.3
lcl|NC_002516.2_prot_NP_248849.1_160	NP_250746.1	31.200	250	168	3	1	248	1	248	5.46e-33	118
lcl|NC_002516.2_prot_NP_248871.1_181	NP_250746.1	32.636	239	160	1	4	242	3	240	1.38e-33	119
lcl|NC_002516.2_prot_NP_248881.1_191	NP_250746.1	29.457	129	77	2	1	122	1	122	9.41e-12	58.9
lcl|NC_002516.2_prot_NP_248893.1_203	WP_003101313.1	31.325	249	148	5	9	243	3	242	1.06e-22	95.5
lcl|NC_002516.2_prot_NP_248898.1_208	NP_250746.1	28.980	245	155	5	9	242	3	239	3.12e-13	63.2
lcl|NC_002516.2_prot_NP_248909.1_219	NP_250746.1	25.000	196	133	4	6	191	3	194	9.76e-07	43.5
lcl|NC_002516.2_prot_NP_248924.1_234	NP_250746.1	27.119	118	86	0	11	128	5	122	5.41e-07	44.7
lcl|NC_002516.2_prot_NP_248948.1_258	WP_099046170.1	27.715	267	178	8	1	263	118	373	6.19e-22	88.2
lcl|NC_002516.2_prot_NP_248951.1_261	NP_248951.1	100.000	716	0	0	1	716	1	716	0.0	1472
lcl|NC_002516.2_prot_NP_248953.1_263	NP_248953.1	100.000	1019	0	0	1	1019	1	1019	0.0	2098
lcl|NC_002516.2_prot_NP_248954.1_264	NP_248954.1	100.000	172	0	0	1	172	1	172	1.68e-131	360
lcl|NC_002516.2_prot_NP_249051.1_361	ATY44664.1	33.453	278	155	5	7	260	30	301	2.72e-32	117
lcl|NC_002516.2_prot_NP_249139.1_449	NP_250746.1	28.571	238	158	6	18	246	13	247	1.49e-14	67.0
lcl|NC_002516.2_prot_NP_249147.1_457	WP_012848969.1	55.072	69	30	1	2	69	3	71	5.75e-22	75.5
lcl|NC_002516.2_prot_NP_249170.1_481	NP_250746.1	35.135	74	48	0	6	79	3	76	6.77e-06	41.2
lcl|NC_002516.2_prot_NP_249182.1_493	NP_250746.1	27.132	129	81	2	6	127	1	123	1.67e-08	49.3
lcl|NC_002516.2_prot_NP_249320.1_631	WP_029305891.1	33.505	194	101	6	42	208	8	200	2.59e-21	82.4
lcl|NC_002516.2_prot_NP_249395.1_705	WP_003101313.1	33.480	227	128	8	25	233	25	246	3.64e-14	68.6
lcl|NC_002516.2_prot_NP_249399.1_709	NP_250746.1	29.474	95	65	1	1	93	1	95	7.34e-06	40.8
lcl|NC_002516.2_prot_NP_249430.1_740	NP_250746.1	28.395	162	109	2	3	163	2	157	4.53e-08	47.8
lcl|NC_002516.2_prot_NP_249475.1_784	NP_250746.1	29.655	145	95	3	9	147	1	144	1.03e-08	49.7
lcl|NC_002516.2_prot_NP_249498.1_808	NP_249498.1	100.000	255	0	0	1	255	1	255	0.0	521
lcl|NC_002516.2_prot_NP_249507.1_817	NP_250746.1	27.731	119	81	1	2	115	3	121	2.75e-05	39.3
lcl|NC_002516.2_prot_NP_249515.1_824	NP_249515.1	100.000	172	0	0	1	172	1	172	1.40e-125	345
lcl|NC_002516.2_prot_NP_249567.1_876	NP_250746.1	33.610	241	154	5	1	239	1	237	3.45e-38	132
lcl|NC_002516.2_prot_NP_249568.1_877	NP_250746.1	30.526	95	66	0	3	97	1	95	7.44e-09	50.1
lcl|NC_002516.2_prot_NP_249652.2_962	WP_012848969.1	56.716	67	28	1	136	201	3	69	6.83e-20	74.7
lcl|NC_002516.2_prot_NP_249669.1_978	WP_099046170.1	36.364	264	163	2	5	267	113	372	8.00e-52	169
lcl|NC_002516.2_prot_NP_249670.1_979	WP_099046170.1	35.556	90	52	3	8	96	5	89	1.66e-08	45.1
lcl|NC_002516.2_prot_NP_249674.1_982	WP_099046170.1	33.333	84	53	2	4	86	3	84	4.75e-10	48.9
lcl|NC_002516.2_prot_NP_249678.1_986	WP_099046170.1	22.305	269	184	7	7	256	107	369	2.70e-08	48.5
lcl|NC_002516.2_prot_NP_249758.1_1066	NP_250746.1	34.926	272	175	1	3	272	2	273	3.32e-41	139
lcl|NC_002516.2_prot_NP_249819.1_1128	NP_250746.1	33.446	296	191	4	11	301	2	296	8.71e-42	141
lcl|NC_002516.2_prot_NP_249829.1_1138	NP_250746.1	27.237	257	161	7	1	242	1	246	8.21e-14	64.7
lcl|NC_002516.2_prot_NP_249832.1_1141	NP_250746.1	33.333	123	80	1	12	132	1	123	1.42e-08	49.3
lcl|NC_002516.2_prot_NP_249836.1_1145	NP_250746.1	35.484	62	40	0	8	69	1	62	2.40e-05	39.3
lcl|NC_002516.2_prot_NP_249841.1_1150	WP_011106455.1	41.627	209	109	4	486	686	664	867	4.16e-44	164
lcl|NC_002516.2_prot_NP_249850.1_1158	WP_012848969.1	52.239	67	31	1	1	66	1	67	2.19e-19	68.9
lcl|NC_002516.2_prot_NP_249875.1_1183	NP_250746.1	28.235	255	148	10	5	239	1	240	2.34e-12	60.5
lcl|NC_002516.2_prot_NP_249892.1_1200	NP_250746.1	31.707	246	167	1	5	250	3	247	1.78e-36	127
lcl|NC_002516.2_prot_NP_249955.1_1263	NP_250746.1	33.333	78	52	0	5	82	1	78	3.54e-05	38.9
lcl|NC_002516.2_prot_NP_250003.1_1311	NP_250746.1	33.876	307	174	7	2	295	1	291	2.08e-31	114
lcl|NC_002516.2_prot_NP_250019.1_1327	NP_250746.1	36.027	297	174	6	7	296	3	290	2.00e-44	148
lcl|NC_002516.2_prot_NP_250104.1_1412	NP_250746.1	29.851	134	90	2	1	132	1	132	1.83e-08	48.9
lcl|NC_002516.2_prot_NP_250113.1_1421	NP_250746.1	35.443	79	51	0	7	85	2	80	1.46e-09	52.4
lcl|NC_002516.2_prot_NP_250199.1_1508	NP_249515.1	36.364	55	34	1	25	78	1	55	1.77e-06	38.1
lcl|NC_002516.2_prot_NP_250201.1_1510	NP_250201.1	100.000	569	0	0	1	569	1	569	0.0	1174
lcl|NC_002516.2_prot_NP_250202.1_1511	NP_248953.1	92.633	828	61	0	1	828	1	828	0.0	1577
lcl|NC_002516.2_prot_NP_250203.1_1512	NP_248954.1	100.000	172	0	0	1	172	1	172	1.68e-131	360
lcl|NC_002516.2_prot_NP_250261.1_1570	NP_250746.1	32.680	153	95	5	8	156	6	154	1.08e-07	46.6
lcl|NC_002516.2_prot_NP_250348.1_1659	WP_013696463.1	31.613	155	96	3	1	147	1	153	2.69e-18	72.4
lcl|NC_002516.2_prot_NP_250429.1_1740	NP_250746.1	33.219	292	190	2	5	294	2	290	5.62e-40	136
lcl|NC_002516.2_prot_NP_250445.1_1756	NP_250746.1	24.800	125	92	2	1	125	1	123	2.03e-07	45.8
lcl|NC_002516.2_prot_NP_250486.1_1797	WP_001182272.1	54.701	468	201	5	4	460	6	473	0.0	521
lcl|NC_002516.2_prot_NP_250517.1_1829	NP_250746.1	38.889	90	52	1	3	89	2	91	1.77e-08	48.9
lcl|NC_002516.2_prot_NP_250535.1_1848	4F0V_A	100.000	154	0	0	1	154	35	188	5.52e-116	320
lcl|NC_002516.2_prot_NP_250544.1_1857	NP_250746.1	37.500	64	40	0	1	64	1	64	3.40e-07	45.1
lcl|NC_002516.2_prot_NP_250550.1_1863	NP_250746.1	36.017	236	146	3	14	245	12	246	1.03e-39	135
lcl|NC_002516.2_prot_NP_250554.1_1867	NP_250554.1	100.000	251	0	0	1	251	1	251	0.0	503
lcl|NC_002516.2_prot_NP_250627.1_1940	WP_099046170.1	32.584	89	55	2	6	93	3	87	9.50e-08	42.7
lcl|NC_002516.2_prot_NP_250628.1_1941	WP_099046170.1	36.364	264	163	2	3	265	113	372	2.59e-52	170
lcl|NC_002516.2_prot_NP_250636.1_1949	ABS75643.1	31.985	272	170	5	10	279	11	269	1.72e-35	125
lcl|NC_002516.2_prot_NP_250639.1_1952	ABS75643.1	26.394	269	180	12	62	322	40	298	4.12e-11	57.4
lcl|NC_002516.2_prot_NP_250650.1_1963	WP_012848969.1	40.385	52	28	2	22	70	10	61	1.00e-07	42.7
lcl|NC_002516.2_prot_NP_250651.1_1964	NP_250746.1	36.598	194	115	3	4	197	2	187	7.49e-28	104
lcl|NC_002516.2_prot_NP_250688.1_2001	NP_250746.1	34.426	122	80	0	1	122	1	122	3.15e-12	60.5
lcl|NC_002516.2_prot_NP_250744.1_2056	NP_250746.1	28.902	173	120	2	1	173	1	170	1.95e-10	54.7
lcl|NC_002516.2_prot_NP_250746.1_2058	NP_250746.1	100.000	300	0	0	1	300	1	300	0.0	599
lcl|NC_002516.2_prot_NP_250753.1_2065	WP_047838525.1	35.294	119	52	5	190	293	200	308	2.08e-11	59.7
lcl|NC_002516.2_prot_NP_250756.1_2068	NP_250756.1	100.000	212	0	0	1	212	1	212	2.90e-158	431
lcl|NC_002516.2_prot_NP_250766.1_2078	NP_250746.1	35.366	82	53	0	4	85	3	84	1.68e-05	39.7
lcl|NC_002516.2_prot_NP_250805.1_2117	NP_250746.1	26.108	203	131	6	1	198	1	189	6.13e-12	59.7
lcl|NC_002516.2_prot_NP_250813.1_2126	NP_250746.1	34.643	280	177	3	13	289	12	288	1.63e-41	140
lcl|NC_002516.2_prot_NP_250845.1_2158	WP_012355863.1	25.424	177	98	6	8	164	42	204	6.46e-06	42.4
lcl|NC_002516.2_prot_NP_250875.1_2189	AGV61017.1	100.000	294	0	0	1	294	1	294	0.0	599
lcl|NC_002516.2_prot_NP_250896.1_2209	NP_250746.1	28.000	150	99	5	16	161	3	147	1.83e-06	42.7
lcl|NC_002516.2_prot_NP_250910.1_2223	NP_250746.1	37.759	241	141	3	5	241	2	237	5.05e-42	142
lcl|NC_002516.2_prot_NP_250948.1_2260	NP_250746.1	33.793	290	190	1	11	298	1	290	3.10e-36	127
lcl|NC_002516.2_prot_NP_250949.1_2261	ABS75643.1	24.407	295	187	15	57	330	22	301	1.09e-06	43.9
lcl|NC_002516.2_prot_NP_250957.1_2269	NP_250746.1	30.488	164	110	3	28	189	17	178	6.25e-11	56.2
lcl|NC_002516.2_prot_NP_251006.1_2318	NP_250746.1	38.276	290	172	5	1	286	1	287	1.80e-50	163
lcl|NC_002516.2_prot_NP_251010.1_2322	ABS75643.1	23.704	270	173	9	75	327	39	292	2.45e-10	55.1
lcl|NC_002516.2_prot_NP_251024.1_2336	NP_250746.1	28.696	115	73	2	3	117	1	106	1.23e-06	43.5
lcl|NC_002516.2_prot_NP_251055.1_2367	WP_013696463.1	50.000	172	80	1	3	174	5	170	5.06e-57	172
lcl|NC_002516.2_prot_NP_251057.1_2369	WP_003089495.1	100.000	165	0	0	1	165	1	165	1.25e-123	339
lcl|NC_002516.2_prot_NP_251063.1_2374	EJL01728.1	82.063	669	119	1	1	668	1	669	0.0	1128
lcl|NC_002516.2_prot_NP_251064.1_2375	NP_251064.1	100.000	178	0	0	1	178	1	178	2.31e-131	360
lcl|NC_002516.2_prot_NP_251073.1_2384	NP_250746.1	29.268	246	147	8	11	238	2	238	1.45e-12	61.2
lcl|NC_002516.2_prot_NP_251107.1_2417	NP_250746.1	31.325	249	148	4	7	244	1	237	5.86e-28	104
lcl|NC_002516.2_prot_NP_251122.1_2432	NP_250746.1	33.106	293	191	2	5	295	3	292	1.93e-45	150
lcl|NC_002516.2_prot_NP_251137.1_2447	NP_250746.1	29.508	305	194	7	1	297	1	292	1.98e-28	105
lcl|NC_002516.2_prot_NP_251147.1_2454	ATY44678.1	26.848	257	154	10	76	321	699	932	1.06e-09	53.9
lcl|NC_002516.2_prot_NP_251148.1_2455	AAY95284.1	25.905	359	220	6	7	353	628	952	3.00e-21	90.1
lcl|NC_002516.2_prot_NP_251148.1_2455	AAY95284.1	23.243	370	243	8	7	363	497	838	4.31e-16	74.3
lcl|NC_002516.2_prot_NP_251148.1_2455	AAY95284.1	27.536	276	170	10	5	273	732	984	3.45e-13	65.5
lcl|NC_002516.2_prot_NP_251148.1_2455	AAY95284.1	27.653	311	171	15	39	330	929	1204	6.52e-09	52.0
lcl|NC_002516.2_prot_NP_251159.1_2466	NP_250746.1	26.016	123	91	0	7	129	1	123	5.08e-07	44.7
lcl|NC_002516.2_prot_NP_251187.1_2494	NP_250746.1	31.492	181	117	4	2	178	1	178	2.34e-13	63.5
lcl|NC_002516.2_prot_NP_251200.1_2507	NP_250746.1	42.308	78	44	1	1	77	1	78	1.50e-09	52.0
lcl|NC_002516.2_prot_NP_251224.1_2531	NP_250746.1	38.869	283	172	1	1	283	1	282	1.78e-58	184
lcl|NC_002516.2_prot_NP_251237.1_2544	NP_250746.1	36.017	236	148	2	8	241	3	237	1.03e-39	135
lcl|NC_002516.2_prot_NP_251291.1_2599	NP_250746.1	36.054	147	90	2	1	146	1	144	1.06e-19	81.6
lcl|NC_002516.2_prot_NP_251312.1_2620	WP_012848159.1	51.515	66	31	1	2	66	5	70	9.25e-20	70.9
lcl|NC_002516.2_prot_NP_251352.1_2660	WP_006315890.1	45.000	140	68	3	13	147	31	166	1.34e-24	94.0
lcl|NC_002516.2_prot_NP_251371.1_2678	NP_250746.1	37.021	235	146	1	10	242	4	238	1.94e-40	137
lcl|NC_002516.2_prot_NP_251374.1_2681	NP_251374.1	100.000	1317	0	0	1	1317	1	1317	0.0	2643
lcl|NC_002516.2_prot_NP_251375.1_2682	NP_251375.1	99.862	726	1	0	1	726	1	726	0.0	1511
lcl|NC_002516.2_prot_NP_251392.1_2699	NP_251392.1	100.000	158	0	0	1	158	1	158	1.33e-117	323
lcl|NC_002516.2_prot_NP_251448.1_2757	NP_250746.1	31.387	137	77	4	6	135	4	130	1.51e-06	43.1
lcl|NC_002516.2_prot_NP_251464.1_2775	NP_251464.1	100.000	195	0	0	1	195	1	195	5.34e-135	370
lcl|NC_002516.2_prot_NP_251528.1_2837	NP_250746.1	33.600	250	162	3	1	248	1	248	9.32e-31	112
lcl|NC_002516.2_prot_NP_251536.1_2845	NP_250746.1	27.972	143	100	2	7	147	1	142	1.86e-07	45.8
lcl|NC_002516.2_prot_NP_251538.1_2847	NP_250746.1	34.043	235	149	3	42	274	17	247	2.29e-29	109
lcl|NC_002516.2_prot_NP_251567.1_2876	NP_250746.1	36.770	291	182	2	1	290	1	290	9.36e-58	182
lcl|NC_002516.2_prot_NP_251569.1_2878	NP_250746.1	32.110	109	70	2	19	125	17	123	5.84e-07	44.3
lcl|NC_002516.2_prot_NP_251620.1_2929	NP_250746.1	29.508	122	84	2	20	139	2	123	1.02e-06	43.5
lcl|NC_002516.2_prot_NP_251812.1_3121	NP_250746.1	34.815	135	88	0	1	135	1	135	1.07e-17	76.3
lcl|NC_002516.2_prot_NP_251814.1_3123	NP_250746.1	34.298	242	156	2	12	250	6	247	2.97e-40	137
lcl|NC_002516.2_prot_NP_251825.1_3134	NP_250746.1	36.644	292	176	4	1	284	1	291	1.39e-47	156
lcl|NC_002516.2_prot_NP_251915.1_3221	NP_250746.1	28.571	119	78	2	8	121	3	119	7.87e-06	40.8
lcl|NC_002516.2_prot_NP_251956.1_3262	WP_012848159.1	60.294	68	25	2	1	66	1	68	1.54e-22	77.0
lcl|NC_002516.2_prot_NP_251980.1_3286	NP_251980.1	100.000	882	0	0	1	882	1	882	0.0	1809
lcl|NC_002516.2_prot_NP_251984.1_3290	ABG57133.1	39.416	685	391	9	9	682	8	679	1.96e-152	452
lcl|NC_002516.2_prot_NP_252123.1_3431	NP_250746.1	27.049	122	89	0	1	122	1	122	1.31e-07	46.2
lcl|NC_002516.2_prot_NP_252172.1_3481	WP_001182272.1	39.535	43	26	0	323	365	262	304	3.74e-05	40.8
lcl|NC_002516.2_prot_NP_252174.1_3483	NP_252174.1	100.000	408	0	0	1	408	1	408	0.0	821
lcl|NC_002516.2_prot_NP_252176.1_3485	ABG57133.1	39.881	672	380	9	9	669	8	666	1.38e-152	457
lcl|NC_002516.2_prot_NP_252177.1_3486	NP_252177.1	100.000	1099	0	0	1	1099	1	1099	0.0	2248
lcl|NC_002516.2_prot_NP_252233.1_3541	ATY44664.1	29.927	137	95	1	293	428	97	233	2.31e-08	49.7
lcl|NC_002516.2_prot_NP_252253.1_3561	ABS75643.1	23.232	198	135	6	48	234	22	213	1.11e-08	49.7
lcl|NC_002516.2_prot_NP_252255.1_3563	NP_250746.1	36.441	236	148	2	5	239	4	238	2.06e-36	127
lcl|NC_002516.2_prot_NP_252277.1_3586	NP_250746.1	28.000	125	90	0	2	126	1	125	5.51e-08	47.4
lcl|NC_002516.2_prot_NP_252284.1_3593	NP_250746.1	39.506	81	49	0	1	81	1	81	8.47e-10	52.8
lcl|NC_002516.2_prot_NP_252313.1_3622	YP_044963.1	30.693	101	60	3	66	159	104	201	3.38e-05	39.3
lcl|NC_002516.2_prot_NP_252320.1_3629	NP_250746.1	37.993	279	167	1	13	285	12	290	3.35e-52	168
lcl|NC_002516.2_prot_NP_252400.1_3710	NP_250746.1	30.286	175	113	2	2	171	1	171	1.00e-16	73.6
lcl|NC_002516.2_prot_NP_252465.1_3776	NP_250746.1	37.037	81	51	0	2	82	1	81	3.97e-09	50.8
lcl|NC_002516.2_prot_NP_252467.1_3778	NP_250746.1	29.268	123	87	0	8	130	5	127	2.81e-06	42.4
lcl|NC_002516.2_prot_NP_252530.1_3841	YP_001479246.1	30.380	158	85	9	262	409	300	442	2.06e-06	43.9
lcl|NC_002516.2_prot_NP_252534.1_3844	NP_250746.1	26.446	242	153	9	7	230	3	237	5.00e-11	56.6
lcl|NC_002516.2_prot_NP_252555.1_3866	EFK20023.1	28.148	270	152	12	411	671	222	458	9.77e-13	65.5
lcl|NC_002516.2_prot_NP_252584.1_3896	NP_250746.1	33.878	245	148	5	1	239	1	237	9.93e-34	120
lcl|NC_002516.2_prot_NP_252593.1_3905	NP_249515.1	67.010	97	32	0	1	97	1	97	6.04e-41	129
lcl|NC_002516.2_prot_NP_252596.1_3908	NP_252596.1	100.000	261	0	0	1	261	1	261	0.0	536
lcl|NC_002516.2_prot_NP_252597.1_3909	WP_047839923.1	26.860	242	149	10	11	235	3	233	6.95e-11	55.1
lcl|NC_002516.2_prot_NP_252667.1_3980	ATY44664.1	41.026	78	46	0	54	131	35	112	7.75e-14	62.8
lcl|NC_002516.2_prot_NP_252667.1_3980	ATY44664.1	36.264	91	58	0	46	136	207	297	1.82e-12	58.9
lcl|NC_002516.2_prot_NP_252667.1_3980	ATY44664.1	32.979	94	63	0	45	138	134	227	1.99e-11	55.8
lcl|NC_002516.2_prot_NP_252667.1_3980	ATY44664.1	32.222	90	61	0	40	129	57	146	6.56e-11	54.3
lcl|NC_002516.2_prot_NP_252667.1_3980	ATY44664.1	29.592	98	69	0	41	138	94	191	1.57e-10	53.1
lcl|NC_002516.2_prot_NP_252684.1_3996	NP_250746.1	31.008	129	75	3	11	131	1	123	3.23e-07	45.1
lcl|NC_002516.2_prot_NP_252798.1_4109	NP_250746.1	26.667	255	143	9	6	234	1	237	8.29e-12	58.9
lcl|NC_002516.2_prot_NP_252834.1_4145	NP_250746.1	30.460	174	121	0	4	177	2	175	3.42e-16	71.6
lcl|NC_002516.2_prot_NP_252852.1_4163	WP_003101313.1	100.000	569	0	0	1	569	1	569	0.0	1136
lcl|NC_002516.2_prot_NP_252863.1_4174	NP_250746.1	36.897	290	180	2	1	290	1	287	5.12e-51	165
lcl|NC_002516.2_prot_NP_252892.1_4203	NP_250746.1	28.000	125	88	1	1	123	1	125	1.46e-07	45.8
lcl|NC_002516.2_prot_NP_253029.1_4340	NP_253776.1	25.714	175	98	8	88	233	305	476	6.20e-05	38.9
lcl|NC_002516.2_prot_NP_253032.1_4343	WP_003101313.1	30.677	251	149	6	13	248	3	243	5.32e-22	93.6
lcl|NC_002516.2_prot_NP_253116.1_4427	WP_000919363.1	34.715	193	121	3	1	192	2	190	1.81e-27	98.6
lcl|NC_002516.2_prot_NP_253173.1_4484	WP_003101313.1	32.365	241	153	4	2	233	4	243	2.97e-22	94.0
lcl|NC_002516.2_prot_NP_253206.1_4517	ATY44664.1	34.759	187	116	2	34	215	108	293	7.04e-25	95.5
lcl|NC_002516.2_prot_NP_253206.1_4517	ATY44664.1	28.509	228	146	4	35	251	37	258	2.73e-16	71.6
lcl|NC_002516.2_prot_NP_253206.1_4517	ATY44664.1	29.752	121	85	0	34	154	180	300	1.05e-08	49.3
lcl|NC_002516.2_prot_NP_253212.1_4523	NP_249498.1	35.088	171	84	8	25	181	14	171	1.82e-18	75.1
lcl|NC_002516.2_prot_NP_253601.1_4916	NP_250746.1	27.083	144	104	1	9	151	2	145	6.21e-11	56.6
lcl|NC_002516.2_prot_NP_253609.1_4924	NP_253609.1	100.000	148	0	0	1	148	1	148	3.59e-111	306
lcl|NC_002516.2_prot_NP_253611.1_4926	YP_044963.1	26.744	86	49	1	33	104	109	194	1.49e-06	42.7
lcl|NC_002516.2_prot_NP_253676.1_4991	NP_250746.1	25.137	183	117	4	4	186	2	164	1.27e-08	49.3
lcl|NC_002516.2_prot_NP_253716.1_5031	NP_250746.1	32.934	167	100	5	1	159	1	163	1.83e-12	60.8
lcl|NC_002516.2_prot_NP_253774.1_5088	ATY44664.1	30.769	195	117	6	45	224	41	232	1.27e-10	55.5
lcl|NC_002516.2_prot_NP_253774.1_5088	ATY44664.1	30.682	176	112	5	56	224	96	268	4.73e-10	53.5
lcl|NC_002516.2_prot_NP_253774.1_5088	ATY44664.1	32.800	125	68	3	42	152	176	298	1.20e-08	49.3
lcl|NC_002516.2_prot_NP_253774.1_5088	ATY44664.1	25.000	168	118	3	55	216	131	296	2.06e-06	42.4
lcl|NC_002516.2_prot_NP_253774.1_5088	ATY44664.1	28.859	149	98	3	69	211	37	183	2.66e-05	39.3
lcl|NC_002516.2_prot_NP_253775.1_5089	ATY44664.1	31.250	176	111	6	60	228	60	232	1.17e-10	55.5
lcl|NC_002516.2_prot_NP_253775.1_5089	ATY44664.1	30.178	169	110	4	60	222	96	262	6.68e-10	53.1
lcl|NC_002516.2_prot_NP_253775.1_5089	ATY44664.1	33.333	93	60	1	64	156	208	298	3.05e-08	48.1
lcl|NC_002516.2_prot_NP_253775.1_5089	ATY44664.1	27.381	168	114	4	59	220	131	296	2.23e-07	45.4
lcl|NC_002516.2_prot_NP_253776.1_5090	NP_253776.1	100.000	745	0	0	1	745	1	745	0.0	1530
lcl|NC_002516.2_prot_NP_253777.1_5091	ABG57133.1	40.242	661	371	9	2	652	1	647	3.08e-151	452
lcl|NC_002516.2_prot_NP_253866.1_5180	NP_250746.1	38.158	76	47	0	1	76	1	76	7.24e-07	43.9
lcl|NC_002516.2_prot_NP_253905.1_5220	NP_250746.1	31.788	151	97	3	2	150	1	147	2.74e-12	60.5
lcl|NC_002516.2_prot_NP_253953.1_5269	ABG57133.1	39.091	660	376	8	2	642	1	653	9.81e-150	446
lcl|NC_002516.2_prot_NP_253954.1_5270	NP_248954.1	100.000	172	0	0	1	172	1	172	1.68e-131	360
lcl|NC_002516.2_prot_NP_253980.1_5296	NP_250746.1	28.216	241	156	7	8	237	3	237	8.58e-10	53.1
lcl|NC_002516.2_prot_NP_254031.1_5347	NP_250746.1	26.250	160	115	2	1	160	1	157	2.74e-09	51.6
lcl|NC_002516.2_prot_NP_254081.1_5397	NP_253776.1	26.174	149	74	5	233	348	304	449	1.35e-09	54.7
lcl|NC_002516.2_prot_NP_254115.1_5431	NP_250746.1	36.585	82	52	0	3	84	1	82	6.76e-07	44.3
lcl|NC_002516.2_prot_NP_254124.1_5440	NP_250746.1	21.705	129	100	1	3	130	1	129	3.91e-06	42.0
lcl|NC_002516.2_prot_NP_254172.1_5488	NP_249498.1	41.667	252	125	9	23	256	2	249	2.49e-48	155
lcl|NC_002516.2_prot_NP_254238.1_5553	WP_049594793.1	26.087	138	60	7	48	146	664	798	9.87e-05	36.2
