lcl|NC_002506.1_prot_WP_001142947.1_13	NP_232418.1	100.000	172	0	0	1	172	1	172	1.85e-132	362
lcl|NC_002506.1_prot_WP_000212125.1_14	NP_232419.1	100.000	694	0	0	1	694	1	694	0.0	1446
lcl|NC_002506.1_prot_WP_000070352.1_16	NP_232421.1	100.000	1085	0	0	1	1085	1	1085	0.0	2249
lcl|NC_002506.1_prot_WP_000383981.1_69	NP_250746.1	31.373	255	155	6	1	243	1	247	3.42e-26	99.8
lcl|NC_002506.1_prot_WP_000526403.1_89	CAE12648.1	43.373	83	43	2	13	94	111	190	3.76e-11	52.4
lcl|NC_002506.1_prot_WP_000031391.1_91	WP_013696463.1	37.255	153	89	4	12	162	18	165	5.10e-22	82.0
lcl|NC_002506.1_prot_WP_001223388.1_102	NP_232519.1	100.000	218	0	0	1	218	10	227	6.14e-161	438
lcl|NC_002506.1_prot_WP_000113295.1_106	NP_232524.1	100.000	1017	0	0	1	1017	1	1017	0.0	2113
lcl|NC_002506.1_prot_WP_000737186.1_112	ABS75643.1	53.409	264	122	1	26	289	39	301	2.31e-100	291
lcl|NC_002506.1_prot_WP_000224436.1_114	ABS75643.1	25.108	231	148	8	55	274	33	249	9.69e-13	62.0
lcl|NC_002506.1_prot_WP_000078819.1_145	WP_012848969.1	64.286	70	25	0	1	70	1	70	1.58e-29	94.7
lcl|NC_002506.1_prot_WP_000106983.1_161	WP_012848969.1	59.701	67	26	1	1	66	1	67	3.71e-24	80.9
lcl|NC_002506.1_prot_WP_000237645.1_250	CAE12648.1	42.169	83	44	2	13	94	111	190	1.32e-11	56.6
lcl|NC_002506.1_prot_WP_000132861.1_251	NP_232681.1	100.000	223	0	0	1	223	1	223	3.38e-167	454
lcl|NC_002506.1_prot_WP_086010879.1_345	WP_099046170.1	36.082	388	232	7	1	384	1	376	8.91e-73	227
lcl|NC_002506.1_prot_WP_086010879.1_481	WP_099046170.1	36.082	388	232	7	1	384	1	376	8.91e-73	227
lcl|NC_002506.1_prot_WP_000171125.1_490	ABS75643.1	23.563	174	122	4	63	229	39	208	9.26e-08	47.0
lcl|NC_002506.1_prot_WP_001270755.1_511	NP_250746.1	24.183	153	112	3	5	156	3	152	1.10e-07	46.6
lcl|NC_002506.1_prot_WP_000950819.1_541	NP_250746.1	31.461	89	58	1	7	92	3	91	5.78e-05	38.1
lcl|NC_002506.1_prot_WP_000645865.1_594	NP_250746.1	31.120	241	158	3	4	240	3	239	1.31e-29	109
lcl|NC_002506.1_prot_WP_001133204.1_662	ABS75643.1	23.502	217	147	8	36	248	47	248	6.88e-06	41.2
lcl|NC_002506.1_prot_WP_000957824.1_677	NP_250554.1	27.039	233	158	4	22	248	24	250	5.40e-20	80.9
lcl|NC_002506.1_prot_WP_000823678.1_687	ABS75643.1	27.184	103	74	1	243	345	204	305	5.90e-06	41.6
lcl|NC_002506.1_prot_WP_000803303.1_702	WP_012367965.1	24.211	95	71	1	58	151	270	364	5.60e-05	38.1
lcl|NC_002506.1_prot_WP_000933929.1_704	NP_250746.1	29.078	141	82	3	7	138	6	137	2.74e-09	51.6
lcl|NC_002506.1_prot_WP_086010879.1_734	WP_099046170.1	36.082	388	232	7	1	384	1	376	8.91e-73	227
lcl|NC_002506.1_prot_WP_000288116.1_808	NP_250746.1	24.675	231	163	5	29	254	13	237	3.68e-16	72.0
lcl|NC_002506.1_prot_WP_001882702.1_816	WP_099046170.1	57.143	28	12	0	4	31	343	370	4.26e-07	37.4
lcl|NC_002506.1_prot_WP_000926300.1_821	NP_250746.1	33.495	206	135	1	19	222	12	217	8.48e-30	109
lcl|NC_002506.1_prot_WP_000105005.1_862	WP_012848969.1	65.714	70	24	0	1	70	1	70	3.55e-30	96.3
lcl|NC_002506.1_prot_WP_001228191.1_890	NP_250746.1	29.167	144	100	1	7	148	3	146	5.93e-12	59.3
lcl|NC_002506.1_prot_WP_001200834.1_905	NP_250746.1	35.193	233	150	1	8	239	8	240	2.61e-39	134
lcl|NC_002506.1_prot_WP_000357040.1_915	NP_250746.1	32.468	231	153	2	9	237	8	237	2.82e-34	121
lcl|NC_002506.1_prot_WP_000382702.1_940	NP_250746.1	27.848	79	57	0	1	79	1	79	1.56e-05	40.0
lcl|NC_002506.1_prot_WP_001021273.1_945	ATY44664.1	23.958	192	138	3	66	251	83	272	2.47e-07	46.2
lcl|NC_002506.1_prot_WP_001021273.1_945	ATY44664.1	25.217	115	86	0	132	246	75	189	1.29e-06	43.9
lcl|NC_002506.1_prot_WP_001021273.1_945	ATY44664.1	24.699	166	118	3	133	293	40	203	7.17e-06	41.6
lcl|NC_002506.1_prot_WP_000664563.1_962	WP_049594793.1	27.612	134	65	6	167	268	666	799	1.27e-05	40.8
lcl|NC_002506.1_prot_WP_000375525.1_973	NP_250746.1	33.471	242	153	4	1	236	1	240	2.39e-34	121
lcl|NC_002506.1_prot_WP_001176693.1_976	NP_250746.1	34.409	279	174	3	6	278	1	276	1.59e-44	148
