lcl|NC_004578.1_prot_WP_002551322.1_19	BAI59725.1	28.049	246	121	10	24	235	32	255	1.95e-09	53.1
lcl|NC_004578.1_prot_WP_226992674.1_47	EKG29747.1	82.609	69	12	0	1	69	79	147	1.16e-34	120
lcl|NC_004578.1_prot_WP_002551322.1_61	BAI59725.1	28.049	246	121	10	24	235	32	255	1.95e-09	53.1
lcl|NC_004578.1_prot_WP_005769591.1_68	AAO53615.1	100.000	287	0	0	1	287	1	287	0.0	586
lcl|NC_004578.1_prot_WP_002551322.1_198	BAI59725.1	28.049	246	121	10	24	235	32	255	1.95e-09	53.1
lcl|NC_004578.1_prot_WP_226992677.1_287	WP_001018194.1	24.280	243	173	6	47	283	12	249	8.06e-17	73.9
lcl|NC_004578.1_prot_WP_002551322.1_300	BAI59725.1	28.049	246	121	10	24	235	32	255	1.95e-09	53.1
lcl|NC_004578.1_prot_WP_011103163.1_503	AAO59043.1	23.741	139	87	4	110	246	139	260	3.06e-08	48.5
lcl|NC_004578.1_prot_WP_011103164.1_504	AAO54046.1	100.000	204	0	0	1	204	1	204	5.76e-155	422
lcl|NC_004578.1_prot_WP_005614033.1_513	O84616.1	23.871	155	106	4	27	176	24	171	3.63e-09	50.8
lcl|NC_004578.1_prot_WP_046463956.1_563	WP_030419593.1	37.079	89	52	2	588	672	348	436	1.86e-06	45.8
lcl|NC_004578.1_prot_WP_011103212.1_598	AAO54130.1	100.000	218	0	0	1	218	1	218	8.41e-166	451
lcl|NC_004578.1_prot_WP_226992679.1_600	Q9F3T4.1	99.585	241	1	0	1	241	29	269	0.0	502
lcl|NC_004578.1_prot_WP_005768957.1_669	CAJ21683.1	36.923	65	35	2	5	63	261	325	7.10e-07	45.1
lcl|NC_004578.1_prot_WP_005770111.1_746	AWO90898.1	47.482	139	72	1	13	150	19	157	6.11e-42	132
lcl|NC_004578.1_prot_WP_011103303.1_839	WP_010883017.1	30.058	173	103	7	65	228	58	221	4.75e-16	70.5
lcl|NC_004578.1_prot_WP_002551322.1_844	BAI59725.1	28.049	246	121	10	24	235	32	255	1.95e-09	53.1
lcl|NC_004578.1_prot_WP_223810519.1_862	AAO54387.1	99.738	381	1	0	1	381	33	413	0.0	786
lcl|NC_004578.1_prot_WP_002551322.1_880	BAI59725.1	28.049	246	121	10	24	235	32	255	1.95e-09	53.1
lcl|NC_004578.1_prot_WP_011103324.1_891	WP_011103324.1	100.000	705	0	0	1	705	1	705	0.0	1429
lcl|NC_004578.1_prot_WP_005769931.1_892	AAO54411.1	100.000	407	0	0	1	407	41	447	0.0	842
lcl|NC_004578.1_prot_WP_046463803.1_898	AAO54417.1	100.000	1910	0	0	1	1910	48	1957	0.0	3850
lcl|NC_004578.1_prot_WP_226992680.1_919	EGH98862.1	100.000	559	0	0	17	575	1	559	0.0	1145
lcl|NC_004578.1_prot_WP_161797785.1_920	EPN51681.1	76.364	275	65	0	2	276	118	392	3.85e-155	434
lcl|NC_004578.1_prot_WP_005769991.1_921	AAO54440.1	100.000	261	0	0	7	267	1	261	0.0	545
lcl|NC_004578.1_prot_WP_005770950.1_1058	O06662.1	73.282	131	35	0	1	131	1	131	1.09e-76	219
lcl|NC_004578.1_prot_WP_002551322.1_1112	BAI59725.1	28.049	246	121	10	24	235	32	255	1.95e-09	53.1
lcl|NC_004578.1_prot_WP_007244107.1_1164	EFX50805.1	30.279	251	150	9	7	251	7	238	1.75e-18	77.8
lcl|NC_004578.1_prot_WP_005768752.1_1202	AAY36073.1	90.265	113	11	0	1	113	1	113	1.20e-74	212
lcl|NC_004578.1_prot_WP_005763932.1_1395	AAO54892.1	100.000	350	0	0	1	350	1	350	0.0	719
lcl|NC_004578.1_prot_WP_024667710.1_1397	KPY91178.1	99.781	456	1	0	1	456	31	486	0.0	918
lcl|NC_004578.1_prot_WP_005763926.1_1398	KTB81138.1	69.005	442	118	3	1	424	1	441	0.0	567
lcl|NC_004578.1_prot_WP_005763919.1_1400	WP_005763919.1	100.000	712	0	0	1	712	1	712	0.0	1442
lcl|NC_004578.1_prot_WP_011103532.1_1402	AAO54899.1	100.000	1795	0	0	1	1795	1	1795	0.0	3679
lcl|NC_004578.1_prot_WP_005763904.1_1406	EPN61762.1	65.116	43	15	0	71	113	13	55	1.58e-15	61.2
lcl|NC_004578.1_prot_WP_005763902.1_1407	RMN11121.1	58.981	373	113	7	1	364	1	342	3.05e-111	324
lcl|NC_004578.1_prot_WP_003375716.1_1417	NP_052408.1	33.913	345	221	3	3	346	4	342	1.45e-58	189
lcl|NC_004578.1_prot_WP_005763879.1_1418	CAB58259.1	28.571	217	146	3	21	234	31	241	1.45e-17	75.9
lcl|NC_004578.1_prot_WP_003375709.1_1420	Q60236.1	92.308	208	16	0	10	217	1	208	9.27e-134	370
lcl|NC_004578.1_prot_WP_005763877.1_1421	WP_005763877.1	100.000	137	0	0	1	137	1	137	4.52e-95	266
lcl|NC_004578.1_prot_WP_011103535.1_1422	WP_011103535.1	100.000	238	0	0	1	238	1	238	6.86e-174	473
lcl|NC_004578.1_prot_WP_005763862.1_1425	WP_010883345.1	45.902	427	227	2	10	435	9	432	5.63e-128	373
lcl|NC_004578.1_prot_WP_005615731.1_1428	AIW92506.1	26.829	205	142	4	146	346	150	350	2.77e-12	62.4
lcl|NC_004578.1_prot_WP_011103539.1_1430	WP_011103539.1	100.000	780	0	0	1	780	1	780	0.0	1572
lcl|NC_004578.1_prot_WP_011103540.1_1431	AAO54928.1	100.000	466	0	0	1	466	1	466	0.0	959
lcl|NC_004578.1_prot_WP_011103577.1_1516	WP_010921638.1	25.352	355	216	11	1596	1944	221	532	4.60e-14	72.4
lcl|NC_004578.1_prot_WP_005765976.1_1558	WP_001018194.1	67.969	256	81	1	1	255	1	256	1.12e-129	363
lcl|NC_004578.1_prot_WP_011103600.1_1592	Q886L1	100.000	284	0	0	1	284	1	284	0.0	595
lcl|NC_004578.1_prot_WP_002551322.1_1681	BAI59725.1	28.049	246	121	10	24	235	32	255	1.95e-09	53.1
lcl|NC_004578.1_prot_WP_005766752.1_1770	CCP48136.1	30.882	68	45	2	27	94	22	87	3.27e-05	40.4
lcl|NC_004578.1_prot_WP_004397849.1_1794	EFX50805.1	24.227	194	101	7	106	294	93	245	2.58e-05	40.0
lcl|NC_004578.1_prot_WP_005767003.1_1969	WP_010883463.1	27.219	169	93	5	62	224	49	193	3.01e-08	48.5
lcl|NC_004578.1_prot_WP_005767000.1_1970	WP_010883345.1	46.934	424	216	5	27	446	23	441	2.71e-124	364
lcl|NC_004578.1_prot_WP_003378749.1_1978	WP_054105001.1	32.812	64	43	0	75	138	235	298	7.28e-07	42.7
lcl|NC_004578.1_prot_WP_007244364.1_1980	Q60236.1	39.713	209	110	4	50	247	4	207	7.20e-36	122
lcl|NC_004578.1_prot_WP_007244363.1_1982	CAB58259.1	26.941	219	146	5	22	233	31	242	1.65e-10	55.5
lcl|NC_004578.1_prot_WP_005766982.1_1983	NP_052408.1	29.670	364	206	8	9	348	4	341	2.71e-44	152
lcl|NC_004578.1_prot_WP_005766948.1_2007	O06662.1	27.143	140	83	5	2	134	4	131	6.93e-06	38.5
lcl|NC_004578.1_prot_WP_011103819.1_2059	WP_016725077.1	35.577	104	67	0	24	127	476	579	4.70e-09	50.1
lcl|NC_004578.1_prot_WP_011103819.1_2059	WP_016725077.1	33.108	148	99	0	28	175	513	660	9.90e-09	49.3
lcl|NC_004578.1_prot_WP_011103819.1_2059	WP_016725077.1	39.640	111	66	1	53	163	604	713	4.22e-08	47.4
lcl|NC_004578.1_prot_WP_003383089.1_2115	AEZ54398.1	39.024	41	25	0	15	55	285	325	4.86e-05	39.3
lcl|NC_004578.1_prot_WP_011103863.1_2141	WP_030419593.1	25.424	118	77	3	275	386	324	436	7.53e-05	39.7
lcl|NC_004578.1_prot_WP_046463440.1_2310	CAX10239.1	25.532	235	149	6	271	503	29	239	1.16e-14	71.6
lcl|NC_004578.1_prot_WP_002551322.1_2330	BAI59725.1	28.049	246	121	10	24	235	32	255	1.95e-09	53.1
lcl|NC_004578.1_prot_WP_005765650.1_2374	WP_001018194.1	58.077	260	107	1	4	263	2	259	3.31e-108	309
lcl|NC_004578.1_prot_WP_002551322.1_2400	BAI59725.1	28.049	246	121	10	24	235	32	255	1.95e-09	53.1
lcl|NC_004578.1_prot_WP_011104033.1_2502	WP_011260398.1	57.267	344	145	1	10	351	18	361	6.42e-149	420
lcl|NC_004578.1_prot_WP_032640670.1_2688	AAO56180.1	99.644	281	1	0	1	281	44	324	0.0	551
lcl|NC_004578.1_prot_WP_002551322.1_2749	BAI59725.1	28.049	246	121	10	24	235	32	255	1.95e-09	53.1
lcl|NC_004578.1_prot_WP_005771455.1_2890	AAO56368.1	100.000	899	0	0	1	899	1	899	0.0	1846
lcl|NC_004578.1_prot_WP_002551322.1_3035	BAI59725.1	28.049	246	121	10	24	235	32	255	1.95e-09	53.1
lcl|NC_004578.1_prot_WP_011104378.1_3109	AAL71883.1	100.000	553	0	0	1	553	1	553	0.0	1109
lcl|NC_004578.1_prot_WP_046463315.1_3184	Q9RBS2.2	28.090	178	124	4	22	196	378	554	3.63e-11	60.5
lcl|NC_004578.1_prot_WP_046463315.1_3184	Q9RBS2.2	28.814	177	119	5	23	196	290	462	1.07e-10	58.9
lcl|NC_004578.1_prot_WP_046463315.1_3184	Q9RBS2.2	29.114	158	94	4	53	197	198	350	3.52e-07	47.8
lcl|NC_004578.1_prot_WP_002551322.1_3255	BAI59725.1	28.049	246	121	10	24	235	32	255	1.95e-09	53.1
lcl|NC_004578.1_prot_WP_011104480.1_3320	WP_011104480.1	100.000	404	0	0	1	404	1	404	0.0	821
lcl|NC_004578.1_prot_WP_011104481.1_3321	AAO56771.1	100.000	416	0	0	1	416	1	416	0.0	843
lcl|NC_004578.1_prot_WP_046463321.1_3334	WP_010883340.1	27.609	297	175	8	501	762	588	879	1.63e-20	92.0
lcl|NC_004578.1_prot_WP_002551322.1_3465	BAI59725.1	28.049	246	121	10	24	235	32	255	1.95e-09	53.1
lcl|NC_004578.1_prot_WP_011104583.1_3517	ELU40828.1	33.871	124	71	5	378	492	115	236	1.93e-05	42.4
lcl|NC_004578.1_prot_WP_002551322.1_3635	BAI59725.1	28.049	246	121	10	24	235	32	255	1.95e-09	53.1
lcl|NC_004578.1_prot_WP_005767663.1_3986	CCP48136.1	28.899	218	152	1	3	217	4	221	1.36e-33	118
lcl|NC_004578.1_prot_WP_005767670.1_3993	EFX50805.1	27.803	223	138	8	39	251	36	245	1.66e-12	62.8
lcl|NC_004578.1_prot_WP_011104804.1_3995	AGH09962.1	35.230	457	217	12	13	466	82	462	2.66e-63	211
lcl|NC_004578.1_prot_WP_011104823.1_4036	2QKW_A	97.561	164	4	0	1	164	1	164	3.81e-121	333
lcl|NC_004578.1_prot_WP_002551322.1_4050	BAI59725.1	28.049	246	121	10	24	235	32	255	1.95e-09	53.1
lcl|NC_004578.1_prot_WP_011104869.1_4127	WP_010921637.1	25.112	446	263	18	1136	1548	62	469	3.16e-11	62.8
lcl|NC_004578.1_prot_WP_011104876.1_4134	WP_011104876.1	100.000	555	0	0	1	555	1	555	0.0	1130
lcl|NC_004578.1_prot_WP_002551322.1_4307	BAI59725.1	28.049	246	121	10	24	235	32	255	1.95e-09	53.1
lcl|NC_004578.1_prot_WP_046463677.1_4324	WP_004155599.1	25.773	194	118	6	145	325	311	491	1.13e-07	48.9
lcl|NC_004578.1_prot_WP_011104966.1_4373	AAO53317.1	100.000	211	0	0	1	211	1	211	2.28e-164	447
lcl|NC_004578.1_prot_WP_011104972.1_4386	YP_003864189.1	41.243	354	196	4	19	369	15	359	2.39e-73	252
lcl|NC_004578.1_prot_WP_003380941.1_4407	WP_003721944.1	47.264	201	97	3	1	193	1	200	1.18e-65	196
lcl|NC_004578.1_prot_WP_011105010.1_4501	WP_003721944.1	60.891	202	77	2	1	201	1	201	1.17e-92	265
lcl|NC_004578.1_prot_WP_003377482.1_4546	Q8RP09	44.776	67	36	1	2	67	355	421	3.18e-12	62.4
lcl|NC_004578.1_prot_WP_011105070.1_4630	AAO58034.1	100.000	177	0	0	1	177	1	177	8.25e-131	359
lcl|NC_004578.1_prot_WP_225982976.1_4632	EGH98948.1	66.667	87	29	0	1	87	35	121	5.39e-37	124
lcl|NC_004578.1_prot_WP_007243772.1_4634	AAO58039.1	100.000	389	0	0	1	389	1	389	0.0	806
lcl|NC_004578.1_prot_WP_011105072.1_4635	AAO58040.1	100.000	298	0	0	1	298	1	298	0.0	615
lcl|NC_004578.1_prot_WP_011105074.1_4638	AAO58043.1	100.000	118	0	0	1	118	1	118	9.27e-84	236
lcl|NC_004578.1_prot_WP_002551322.1_4668	BAI59725.1	28.049	246	121	10	24	235	32	255	1.95e-09	53.1
lcl|NC_004578.1_prot_WP_011105124.1_4738	WP_011105124.1	100.000	632	0	0	1	632	1	632	0.0	1305
lcl|NC_004578.1_prot_WP_005906196.1_4748	AAZ38042.1	68.182	44	14	0	1	44	1	44	1.96e-06	38.9
lcl|NC_004578.1_prot_WP_024691294.1_4764	AAO33453.1	99.781	457	1	0	1	457	31	487	0.0	926
lcl|NC_004578.1_prot_WP_226992657.1_4767	AAO58158.1	100.000	390	0	0	26	415	1	390	0.0	808
lcl|NC_004578.1_prot_WP_226992707.1_4769	KPY25151.1	100.000	254	0	0	1	254	215	468	0.0	529
lcl|NC_004578.1_prot_WP_005888834.1_4774	PAB34947.1	94.706	510	27	0	1	510	196	705	0.0	979
lcl|NC_004578.1_prot_WP_011105137.1_4775	AAO53316.1	100.000	493	0	0	1	493	1	493	0.0	1027
lcl|NC_004578.1_prot_WP_002551322.1_4778	BAI59725.1	28.049	246	121	10	24	235	32	255	1.95e-09	53.1
lcl|NC_004578.1_prot_WP_002551322.1_4823	BAI59725.1	28.049	246	121	10	24	235	32	255	1.95e-09	53.1
lcl|NC_004578.1_prot_WP_005763320.1_4831	AAO58206.1	100.000	488	0	0	1	488	1	488	0.0	966
lcl|NC_004578.1_prot_WP_005763248.1_4870	AAO54387.1	46.189	433	206	5	13	441	4	413	4.75e-127	370
lcl|NC_004578.1_prot_WP_005736753.1_4876	AAO54387.1	30.000	260	165	7	84	335	93	343	1.23e-26	104
lcl|NC_004578.1_prot_WP_005763186.1_4905	WP_010883340.1	26.316	171	116	3	211	376	698	863	7.94e-15	71.6
lcl|NC_004578.1_prot_WP_005763092.1_4952	WP_005745414.1	50.943	53	24	1	16	66	271	323	3.13e-09	52.4
lcl|NC_004578.1_prot_WP_011105273.1_5077	AAY35597.1	39.506	81	47	2	477	557	1184	1262	1.77e-13	69.7
lcl|NC_004578.1_prot_WP_011105274.1_5078	AAY35597.1	32.468	77	50	1	545	619	1181	1257	4.84e-05	42.4
lcl|NC_004578.1_prot_WP_005765391.1_5118	AAO58488.1	100.000	404	0	0	26	429	1	404	0.0	803
lcl|NC_004578.1_prot_WP_044390498.1_5173	AAY35597.1	31.250	80	48	3	882	959	1187	1261	2.55e-05	43.5
lcl|NC_004578.1_prot_WP_007245596.1_5179	Q989M4	36.879	141	89	0	2	142	2866	3006	3.92e-21	84.7
lcl|NC_004578.1_prot_WP_005765499.1_5180	WP_010883340.1	23.796	353	228	10	379	694	517	865	6.95e-21	92.8
lcl|NC_004578.1_prot_WP_011105380.1_5276	WP_001018194.1	26.214	206	121	7	228	422	64	249	6.54e-08	48.9
lcl|NC_004578.1_prot_WP_002551560.1_5294	WP_010883345.1	29.961	257	148	8	160	400	153	393	2.34e-13	66.2
lcl|NC_004578.1_prot_WP_011105440.1_5410	WP_011105440.1	100.000	380	0	0	1	380	1	380	0.0	789
lcl|NC_004578.1_prot_WP_011105445.1_5420	Q8RP09	39.683	63	36	2	8	68	360	422	3.09e-06	43.5
lcl|NC_004578.1_prot_WP_046464012.1_5479	WP_009873285.1	35.000	100	49	3	166	263	117	202	1.10e-11	60.5
lcl|NC_004578.1_prot_WP_002551322.1_5641	BAI59725.1	28.049	246	121	10	24	235	32	255	1.95e-09	53.1
lcl|NC_004578.1_prot_WP_003377898.1_5666	WP_010883345.1	30.769	351	236	5	56	402	75	422	2.80e-43	153
lcl|NC_004578.1_prot_WP_003377895.1_5668	WP_010883345.1	27.013	385	257	7	77	454	75	442	4.31e-36	134
