lcl|NC_002942.5_prot_WP_010945770.1_8	AAU26116.1	100.000	419	0	0	1	419	1	419	0.0	853
lcl|NC_002942.5_prot_WP_010945774.1_12	YP_094067.1	100.000	525	0	0	1	525	1	525	0.0	1095
lcl|NC_002942.5_prot_WP_010945777.1_15	WP_010946018.1	45.963	322	172	2	36	355	8	329	3.23e-94	280
lcl|NC_002942.5_prot_WP_010945783.1_21	YP_094076.1	100.000	159	0	0	1	159	1	159	1.80e-114	316
lcl|NC_002942.5_prot_WP_010945788.1_26	AAW70636.1	21.646	328	228	8	23	342	8	314	1.18e-08	51.6
lcl|NC_002942.5_prot_WP_010945789.1_27	WP_012220885.1	31.250	160	107	1	163	319	244	403	1.12e-22	92.8
lcl|NC_002942.5_prot_WP_010945789.1_27	WP_012220885.1	27.049	122	83	1	1	116	1	122	1.08e-06	44.7
lcl|NC_002942.5_prot_WP_010945789.1_27	WP_012220885.1	31.293	147	74	5	189	321	23	156	1.42e-06	44.3
lcl|NC_002942.5_prot_WP_016356696.1_30	AAU26138.1	100.000	296	0	0	1	296	9	304	0.0	615
lcl|NC_002942.5_prot_WP_010945800.1_37	YP_094093.1	100.000	507	0	0	1	507	1	507	0.0	1043
lcl|NC_002942.5_prot_WP_016356699.1_40	WP_010945803.1	100.000	738	0	0	1	738	11	748	0.0	1518
lcl|NC_002942.5_prot_WP_010945807.1_45	YP_094100.1	100.000	70	0	0	1	70	1	70	2.80e-51	149
lcl|NC_002942.5_prot_WP_010945808.1_46	AAU26154.1	100.000	132	0	0	1	132	1	132	1.78e-100	279
lcl|NC_002942.5_prot_WP_016356701.1_49	AAW70636.1	21.671	383	265	11	24	389	15	379	3.40e-06	43.9
lcl|NC_002942.5_prot_WP_016356705.1_60	AAU26167.1	100.000	363	0	0	1	363	6	368	0.0	743
lcl|NC_002942.5_prot_WP_010945839.1_79	AAW70656.1	32.208	385	247	7	7	381	4	384	4.81e-56	184
lcl|NC_002942.5_prot_WP_010945840.1_80	AAW70656.1	29.231	390	261	6	5	387	3	384	9.87e-57	186
lcl|NC_002942.5_prot_WP_010945841.1_81	YP_094134.1	100.000	255	0	0	1	255	1	255	0.0	525
lcl|NC_002942.5_prot_WP_010945842.1_82	YP_094135.1	100.000	441	0	0	1	441	1	441	0.0	905
lcl|NC_002942.5_prot_WP_010945851.1_91	YP_094144.1	100.000	1324	0	0	1	1324	1	1324	0.0	2726
lcl|NC_002942.5_prot_WP_010945857.1_97	YP_094150.1	100.000	397	0	0	1	397	1	397	0.0	816
lcl|NC_002942.5_prot_WP_010945864.1_104	YP_094157.1	100.000	286	0	0	1	286	1	286	0.0	594
lcl|NC_002942.5_prot_WP_010945868.1_108	Q5ZZA4	100.000	268	0	0	1	268	1	268	0.0	550
lcl|NC_002942.5_prot_WP_010945883.1_122	AAW70606.1	32.402	179	107	6	24	198	15	183	1.01e-17	76.6
lcl|NC_002942.5_prot_WP_010945887.1_126	YP_094180.1	100.000	1102	0	0	1	1102	1	1102	0.0	2250
lcl|NC_002942.5_prot_WP_010945891.1_131	YP_094184.1	100.000	822	0	0	1	822	1	822	0.0	1701
lcl|NC_002942.5_prot_WP_010945896.1_136	YP_094189.1	100.000	1875	0	0	1	1875	1	1875	0.0	3835
lcl|NC_002942.5_prot_WP_010945901.1_141	YP_094194.1	100.000	444	0	0	1	444	1	444	0.0	905
lcl|NC_002942.5_prot_WP_010945921.1_162	YP_094214.1	100.000	325	0	0	1	325	1	325	0.0	681
lcl|NC_002942.5_prot_WP_015444927.1_165	NP_820749.1	29.703	101	64	4	13	108	14	112	1.89e-05	39.3
lcl|NC_002942.5_prot_WP_010945926.1_166	WP_002964730.1	33.803	71	46	1	18	87	13	83	2.61e-05	36.6
lcl|NC_002942.5_prot_WP_010945931.1_171	YP_094224.1	100.000	251	0	0	1	251	1	251	0.0	497
lcl|NC_002942.5_prot_WP_010945932.1_172	YP_094225.1	100.000	188	0	0	1	188	1	188	9.64e-142	387
lcl|NC_002942.5_prot_WP_010945933.1_173	WP_010945933.1	100.000	241	0	0	1	241	1	241	0.0	501
lcl|NC_002942.5_prot_WP_010945937.1_177	AAW70656.1	24.128	344	195	16	7	316	4	315	4.49e-08	49.7
lcl|NC_002942.5_prot_WP_010945942.1_182	WP_010945942.1	100.000	303	0	0	1	303	1	303	0.0	630
lcl|NC_002942.5_prot_WP_010945946.1_186	AAW70606.1	24.020	204	130	6	10	210	1	182	2.62e-08	47.8
lcl|NC_002942.5_prot_WP_010945952.1_191	YP_094245.1	100.000	317	0	0	1	317	1	317	0.0	657
lcl|NC_002942.5_prot_WP_010945956.1_194	WP_010945956.1	100.000	334	0	0	1	334	1	334	0.0	691
lcl|NC_002942.5_prot_WP_010945957.1_195	WP_010945957.1	100.000	424	0	0	1	424	1	424	0.0	878
lcl|NC_002942.5_prot_WP_015444913.1_206	WP_010945969.1	100.000	961	0	0	1	961	59	1019	0.0	1993
lcl|NC_002942.5_prot_WP_010945970.1_207	WP_010945970.1	100.000	655	0	0	1	655	1	655	0.0	1363
lcl|NC_002942.5_prot_WP_010945971.1_208	WP_010945971.1	100.000	207	0	0	1	207	1	207	7.77e-157	427
lcl|NC_002942.5_prot_WP_010945988.1_225	YP_094281.1	100.000	368	0	0	1	368	1	368	0.0	761
lcl|NC_002942.5_prot_WP_010945989.1_226	AAW70636.1	24.383	324	217	7	20	339	19	318	1.57e-11	60.8
lcl|NC_002942.5_prot_WP_015444908.1_232	YP_094288.1	100.000	1495	0	0	1	1495	20	1514	0.0	3101
lcl|NC_002942.5_prot_WP_010946001.1_238	YP_094294.1	100.000	259	0	0	1	259	1	259	0.0	525
lcl|NC_002942.5_prot_WP_010946007.1_244	YP_094300.1	100.000	241	0	0	1	241	1	241	0.0	503
lcl|NC_002942.5_prot_WP_015444899.1_252	AAU26361.1	100.000	175	0	0	1	175	15	189	1.82e-133	366
lcl|NC_002942.5_prot_WP_010946018.1_255	WP_010946018.1	100.000	330	0	0	1	330	1	330	0.0	681
lcl|NC_002942.5_prot_WP_010946021.1_258	WP_010946021.1	100.000	132	0	0	1	132	1	132	2.57e-99	276
lcl|NC_002942.5_prot_WP_010946036.1_274	YP_094329.1	100.000	1116	0	0	1	1116	1	1116	0.0	2331
lcl|NC_002942.5_prot_WP_010946037.1_275	WP_010946037.1	100.000	499	0	0	1	499	1	499	0.0	1038
lcl|NC_002942.5_prot_WP_010946042.1_280	AAW70636.1	24.832	298	203	8	21	304	19	309	4.22e-18	80.5
lcl|NC_002942.5_prot_WP_010946045.1_283	YP_094338.1	100.000	374	0	0	1	374	1	374	0.0	781
lcl|NC_002942.5_prot_WP_010946046.1_284	YP_094339.1	100.000	227	0	0	1	227	1	227	3.53e-172	468
lcl|NC_002942.5_prot_WP_010946055.1_294	YP_094348.1	100.000	230	0	0	1	230	1	230	8.77e-174	472
lcl|NC_002942.5_prot_WP_010946113.1_351	WP_010946113.1	100.000	101	0	0	1	101	1	101	1.17e-71	203
lcl|NC_002942.5_prot_WP_010946114.1_352	YP_094409.1	100.000	896	0	0	1	896	1	896	0.0	1825
lcl|NC_002942.5_prot_WP_010946124.1_363	WP_010946124.1	100.000	199	0	0	1	199	1	199	1.70e-148	405
lcl|NC_002942.5_prot_WP_010946125.1_364	YP_094420.1	100.000	1429	0	0	1	1429	1	1429	0.0	2922
lcl|NC_002942.5_prot_WP_010946137.1_376	AAW70606.1	25.481	208	129	8	4	202	2	192	1.13e-08	49.3
lcl|NC_002942.5_prot_WP_010946139.1_377	YP_094434.1	100.000	352	0	0	1	352	1	352	0.0	720
lcl|NC_002942.5_prot_WP_010946142.1_381	YP_094437.1	100.000	287	0	0	1	287	1	287	0.0	589
lcl|NC_002942.5_prot_WP_010946150.1_388	WP_010946150.1	100.000	224	0	0	1	224	1	224	5.15e-169	459
lcl|NC_002942.5_prot_WP_010946151.1_389	WP_010946151.1	100.000	567	0	0	1	567	1	567	0.0	1169
lcl|NC_002942.5_prot_WP_010946152.1_390	WP_010946152.1	100.000	514	0	0	1	514	1	514	0.0	1073
lcl|NC_002942.5_prot_WP_010946153.1_391	AAW70636.1	23.563	348	235	14	53	390	52	378	6.07e-14	68.2
lcl|NC_002942.5_prot_WP_010946154.1_392	YP_094449.1	100.000	196	0	0	1	196	1	196	1.96e-147	402
lcl|NC_002942.5_prot_WP_010946171.1_410	WP_010946171.1	100.000	449	0	0	1	449	1	449	0.0	935
lcl|NC_002942.5_prot_WP_015444833.1_418	WP_010946018.1	47.720	329	168	3	19	345	4	330	2.01e-101	297
lcl|NC_002942.5_prot_WP_010946185.1_424	YP_094480.1	100.000	269	0	0	1	269	1	269	0.0	559
lcl|NC_002942.5_prot_WP_010946186.1_425	YP_094481.1	100.000	666	0	0	1	666	1	666	0.0	1371
lcl|NC_002942.5_prot_WP_010946188.1_426	WP_010946188.1	100.000	349	0	0	1	349	1	349	0.0	725
lcl|NC_002942.5_prot_WP_010946231.1_468	YP_094527.1	100.000	495	0	0	1	495	1	495	0.0	1025
lcl|NC_002942.5_prot_WP_010946241.1_478	AAW70606.1	31.606	193	108	8	1	177	1	185	1.62e-10	53.9
lcl|NC_002942.5_prot_WP_010946250.1_488	YP_094067.1	23.582	335	196	11	50	337	38	359	8.87e-12	61.6
lcl|NC_002942.5_prot_WP_010946263.1_501	WP_010946263.1	100.000	310	0	0	1	310	1	310	0.0	650
lcl|NC_002942.5_prot_WP_010946266.1_504	YP_094562.1	100.000	282	0	0	1	282	1	282	0.0	583
lcl|NC_002942.5_prot_WP_010946267.1_505	YP_094563.1	100.000	737	0	0	1	737	1	737	0.0	1514
lcl|NC_002942.5_prot_WP_010946270.1_508	WP_010948124.1	25.547	137	72	5	39	153	53	181	1.56e-06	40.8
lcl|NC_002942.5_prot_WP_015444790.1_534	WP_010945969.1	21.143	175	119	4	56	218	109	276	6.38e-05	39.3
lcl|NC_002942.5_prot_WP_010946314.1_550	WP_012091901.1	36.943	157	92	1	20	176	20	169	1.25e-36	120
lcl|NC_002942.5_prot_WP_010946320.1_555	NP_819070.1	49.279	416	211	0	1	416	1	416	6.97e-141	404
lcl|NC_002942.5_prot_WP_010946339.1_575	AAW70606.1	23.445	209	127	7	1	202	1	183	7.71e-07	43.5
lcl|NC_002942.5_prot_WP_010946348.1_584	AAW70662.1	25.346	434	297	8	9	437	11	422	5.46e-39	140
lcl|NC_002942.5_prot_WP_025862460.1_588	AAW70705.1	29.870	154	93	4	17	163	14	159	1.36e-13	61.6
lcl|NC_002942.5_prot_WP_010946358.1_595	YP_094657.1	100.000	474	0	0	1	474	1	474	0.0	949
lcl|NC_002942.5_prot_WP_010946371.1_608	YP_094670.1	100.000	449	0	0	1	449	1	449	0.0	924
lcl|NC_002942.5_prot_WP_010946379.1_616	YP_094678.1	100.000	524	0	0	1	524	1	524	0.0	1082
lcl|NC_002942.5_prot_WP_010946382.1_621	Q5ZXT6	100.000	681	0	0	1	681	1	681	0.0	1355
lcl|NC_002942.5_prot_WP_010946396.1_636	AAW70606.1	27.068	133	92	1	40	172	32	159	5.36e-12	60.5
lcl|NC_002942.5_prot_WP_010946396.1_636	AAW70606.1	25.153	163	117	1	362	524	32	189	7.82e-12	60.1
lcl|NC_002942.5_prot_WP_011213256.1_646	YP_096826.1	48.980	49	24	1	10	57	38	86	1.90e-06	44.3
lcl|NC_002942.5_prot_WP_025862517.1_658	AAW70606.1	31.461	178	118	2	28	205	19	192	7.45e-18	75.9
lcl|NC_002942.5_prot_WP_025862444.1_668	AAW70606.1	26.486	185	113	7	366	546	14	179	4.60e-11	57.8
lcl|NC_002942.5_prot_WP_025862444.1_668	AAW70606.1	26.596	188	115	8	26	213	19	183	4.77e-06	42.7
lcl|NC_002942.5_prot_WP_010946432.1_671	YP_094731.1	100.000	949	0	0	1	949	1	949	0.0	1946
lcl|NC_002942.5_prot_WP_010946433.1_672	YP_094732.1	100.000	570	0	0	1	570	1	570	0.0	1177
lcl|NC_002942.5_prot_WP_010946440.1_679	AAW70606.1	30.645	186	94	8	325	492	1	169	7.78e-14	65.9
lcl|NC_002942.5_prot_WP_010946440.1_679	AAW70606.1	27.014	211	115	7	15	220	10	186	3.51e-11	57.8
lcl|NC_002942.5_prot_WP_010946453.1_692	WP_010946453.1	100.000	337	0	0	1	337	1	337	0.0	684
lcl|NC_002942.5_prot_WP_010946470.1_709	WP_010946470.1	100.000	482	0	0	1	482	1	482	0.0	991
lcl|NC_002942.5_prot_WP_010946477.1_715	NP_820409.1	40.000	150	87	2	1	148	1	149	8.06e-29	99.0
lcl|NC_002942.5_prot_WP_010946491.1_730	NP_539653.1	32.075	106	47	4	102	201	54	140	2.37e-07	43.9
lcl|NC_002942.5_prot_WP_010946533.1_772	WP_010946533.1	100.000	216	0	0	1	216	1	216	8.36e-160	436
lcl|NC_002942.5_prot_WP_010946572.1_812	AAW70606.1	28.767	219	122	7	3	205	1	201	1.58e-12	59.7
lcl|NC_002942.5_prot_WP_010946577.1_817	AAW70606.1	29.524	210	122	8	6	207	2	193	6.97e-17	72.4
lcl|NC_002942.5_prot_WP_010946585.1_825	AAW70606.1	27.473	182	120	4	23	204	16	185	1.04e-11	57.4
lcl|NC_002942.5_prot_WP_010946592.1_832	AAW70606.1	32.292	192	120	3	1	187	1	187	7.78e-29	102
lcl|NC_002942.5_prot_WP_010946631.1_871	YP_096234.1	35.165	91	56	1	7	97	7	94	6.54e-12	56.2
lcl|NC_002942.5_prot_WP_010946631.1_871	YP_096234.1	34.940	83	46	1	16	98	92	166	5.18e-10	50.8
lcl|NC_002942.5_prot_WP_010946631.1_871	YP_096234.1	36.765	68	43	0	37	104	141	208	6.33e-08	44.7
lcl|NC_002942.5_prot_WP_010946631.1_871	YP_096234.1	35.385	65	42	0	38	102	250	314	1.56e-06	40.8
lcl|NC_002942.5_prot_WP_010946631.1_871	YP_096234.1	35.938	64	41	0	37	100	177	240	6.49e-05	36.2
lcl|NC_002942.5_prot_WP_010946633.1_873	YP_094932.1	100.000	243	0	0	1	243	1	243	1.95e-178	485
lcl|NC_002942.5_prot_WP_010946656.1_896	AAU27008.1	100.000	414	0	0	1	414	1	414	0.0	847
lcl|NC_002942.5_prot_WP_010946661.1_901	WP_010946661.1	100.000	336	0	0	1	336	1	336	0.0	680
lcl|NC_002942.5_prot_WP_010946675.1_915	YP_094974.1	100.000	729	0	0	1	729	1	729	0.0	1478
lcl|NC_002942.5_prot_WP_010946677.1_917	AAW70624.1	29.474	95	61	2	10	100	208	300	6.08e-06	42.4
lcl|NC_002942.5_prot_WP_010946679.1_919	WP_010946679.1	100.000	391	0	0	1	391	1	391	0.0	816
lcl|NC_002942.5_prot_WP_010946680.1_920	WP_010946680.1	100.000	296	0	0	1	296	1	296	0.0	593
lcl|NC_002942.5_prot_WP_010946687.1_927	YP_095258.1	41.379	58	31	2	9	63	26	83	1.03e-06	44.7
lcl|NC_002942.5_prot_WP_010946687.1_927	YP_095258.1	25.556	90	62	2	131	215	287	376	5.38e-05	39.3
lcl|NC_002942.5_prot_WP_010946698.1_938	YP_094997.1	100.000	413	0	0	1	413	1	413	0.0	842
lcl|NC_002942.5_prot_WP_010946702.1_942	WP_010946702.1	100.000	197	0	0	1	197	1	197	3.16e-151	412
lcl|NC_002942.5_prot_WP_010946703.1_943	YP_095002.1	100.000	573	0	0	1	573	1	573	0.0	1170
lcl|NC_002942.5_prot_WP_010946704.1_944	YP_095003.1	100.000	246	0	0	1	246	1	246	0.0	507
lcl|NC_002942.5_prot_WP_010946705.1_945	AAW70636.1	26.246	301	188	7	70	357	53	332	9.62e-14	67.8
lcl|NC_002942.5_prot_WP_010946797.1_1041	CAH12461.1	36.897	290	180	2	51	338	58	346	9.67e-57	184
lcl|NC_002942.5_prot_WP_010946797.1_1041	CAH12461.1	42.149	242	139	1	48	288	91	332	1.16e-52	173
lcl|NC_002942.5_prot_WP_010946797.1_1041	CAH12461.1	37.113	291	178	3	49	335	18	307	6.05e-52	171
lcl|NC_002942.5_prot_WP_010946797.1_1041	CAH12461.1	39.189	222	134	1	119	339	54	275	1.12e-42	147
lcl|NC_002942.5_prot_WP_010946797.1_1041	CAH12461.1	37.500	216	132	2	40	253	119	333	1.50e-36	130
lcl|NC_002942.5_prot_WP_010946797.1_1041	CAH12461.1	39.444	180	107	1	159	338	24	201	3.74e-32	119
lcl|NC_002942.5_prot_WP_010946799.1_1043	AAW70705.1	35.385	130	77	3	29	153	28	155	2.63e-18	73.2
lcl|NC_002942.5_prot_WP_010946818.1_1059	WP_010946818.1	100.000	227	0	0	1	227	1	227	1.43e-166	454
lcl|NC_002942.5_prot_WP_010946835.1_1079	YP_095134.1	100.000	322	0	0	1	322	1	322	0.0	663
lcl|NC_002942.5_prot_WP_010946840.1_1084	WP_010946840.1	100.000	424	0	0	1	424	1	424	0.0	880
lcl|NC_002942.5_prot_WP_010946842.1_1086	WP_010946842.1	100.000	293	0	0	1	293	1	293	0.0	608
lcl|NC_002942.5_prot_WP_010946843.1_1087	WP_010946843.1	100.000	686	0	0	1	686	1	686	0.0	1402
lcl|NC_002942.5_prot_WP_010946844.1_1089	WP_010946844.1	100.000	231	0	0	1	231	1	231	1.35e-176	479
lcl|NC_002942.5_prot_WP_010946845.1_1090	WP_010946845.1	100.000	212	0	0	1	212	1	212	4.29e-159	433
lcl|NC_002942.5_prot_WP_010946854.1_1100	YP_095153.1	100.000	588	0	0	1	588	1	588	0.0	1200
lcl|NC_002942.5_prot_WP_010946855.1_1101	YP_095154.1	100.000	256	0	0	1	256	1	256	0.0	515
lcl|NC_002942.5_prot_WP_010946858.1_1104	WP_010946858.1	100.000	196	0	0	1	196	1	196	8.44e-148	404
lcl|NC_002942.5_prot_WP_010946863.1_1109	WP_010946863.1	100.000	519	0	0	1	519	1	519	0.0	1075
lcl|NC_002942.5_prot_WP_010946871.1_1118	WP_010946871.1	100.000	322	0	0	1	322	1	322	0.0	659
lcl|NC_002942.5_prot_WP_015444607.1_1122	AAW70606.1	24.424	217	137	4	5	210	1	201	1.95e-13	63.9
lcl|NC_002942.5_prot_WP_010946878.1_1125	YP_095177.1	100.000	168	0	0	1	168	1	168	5.85e-123	338
lcl|NC_002942.5_prot_WP_010946879.1_1126	YP_095178.1	100.000	769	0	0	1	769	1	769	0.0	1573
lcl|NC_002942.5_prot_WP_010946881.1_1128	WP_010946881.1	100.000	167	0	0	1	167	1	167	1.01e-126	348
lcl|NC_002942.5_prot_WP_010946882.1_1129	YP_095181.1	100.000	503	0	0	1	503	1	503	0.0	1045
lcl|NC_002942.5_prot_WP_010946886.1_1133	WP_010946886.1	100.000	318	0	0	1	318	1	318	0.0	654
lcl|NC_002942.5_prot_WP_010946888.1_1135	WP_010946888.1	100.000	360	0	0	1	360	1	360	0.0	739
lcl|NC_002942.5_prot_WP_010946892.1_1139	YP_095191.1	100.000	256	0	0	1	256	1	256	0.0	523
lcl|NC_002942.5_prot_WP_010946896.1_1143	NP_820254.1	23.415	205	127	8	49	241	60	246	9.55e-05	37.4
lcl|NC_002942.5_prot_WP_010946900.1_1147	WP_010946900.1	100.000	670	0	0	1	670	1	670	0.0	1382
lcl|NC_002942.5_prot_WP_010946905.1_1152	WP_010946905.1	100.000	139	0	0	1	139	1	139	6.22e-105	290
lcl|NC_002942.5_prot_WP_010946906.1_1153	CAH12461.1	44.040	302	165	3	44	342	43	343	8.19e-68	218
lcl|NC_002942.5_prot_WP_010946906.1_1153	CAH12461.1	41.346	312	176	2	131	440	27	333	7.41e-67	215
lcl|NC_002942.5_prot_WP_010946906.1_1153	CAH12461.1	41.311	305	177	2	66	368	29	333	3.55e-62	202
lcl|NC_002942.5_prot_WP_010946906.1_1153	CAH12461.1	40.129	309	183	2	176	482	31	339	6.75e-62	202
lcl|NC_002942.5_prot_WP_010946906.1_1153	CAH12461.1	40.714	280	164	2	127	404	54	333	1.43e-57	191
lcl|NC_002942.5_prot_WP_010946906.1_1153	CAH12461.1	42.268	194	108	3	294	484	41	233	8.43e-37	135
lcl|NC_002942.5_prot_WP_010946906.1_1153	CAH12461.1	41.558	77	45	0	41	117	257	333	6.12e-10	55.8
lcl|NC_002942.5_prot_WP_010946917.1_1165	WP_010946917.1	100.000	630	0	0	1	630	1	630	0.0	1301
lcl|NC_002942.5_prot_WP_010946959.1_1210	YP_095258.1	100.000	598	0	0	1	598	1	598	0.0	1238
lcl|NC_002942.5_prot_WP_016356879.1_1224	NP_066636.1	21.708	562	347	17	233	718	34	578	9.52e-21	93.2
lcl|NC_002942.5_prot_WP_016356883.1_1229	AFK10355.1	34.049	326	204	4	16	331	20	344	3.18e-60	192
lcl|NC_002942.5_prot_WP_010947004.1_1259	YP_095303.1	100.000	354	0	0	1	354	1	354	0.0	733
lcl|NC_002942.5_prot_WP_015444571.1_1264	AAW70606.1	29.756	205	119	8	351	548	2	188	1.86e-13	64.7
lcl|NC_002942.5_prot_WP_010947017.1_1273	ABS77055.1	57.787	244	102	1	1	243	1	244	3.44e-101	290
lcl|NC_002942.5_prot_WP_010947021.1_1277	YP_095320.1	100.000	528	0	0	1	528	1	528	0.0	1097
lcl|NC_002942.5_prot_WP_010947043.1_1298	WP_010947043.1	100.000	1135	0	0	1	1135	1	1135	0.0	2323
lcl|NC_002942.5_prot_WP_010947047.1_1302	WP_010947047.1	100.000	340	0	0	1	340	1	340	0.0	706
lcl|NC_002942.5_prot_WP_010947048.1_1303	WP_010947048.1	100.000	295	0	0	1	295	1	295	0.0	608
lcl|NC_002942.5_prot_WP_010947050.1_1305	AFK10355.1	34.677	124	60	7	250	360	183	298	1.74e-07	47.8
lcl|NC_002942.5_prot_WP_010947057.1_1312	NP_819950.2	27.119	236	157	5	116	340	227	458	3.06e-18	80.9
lcl|NC_002942.5_prot_WP_010947059.1_1314	WP_010947059.1	100.000	821	0	0	1	821	1	821	0.0	1638
lcl|NC_002942.5_prot_WP_010947084.1_1339	AAU27436.1	100.000	391	0	0	1	391	1	391	0.0	806
lcl|NC_002942.5_prot_WP_010947085.1_1340	YP_095384.1	100.000	974	0	0	1	974	1	974	0.0	1998
lcl|NC_002942.5_prot_WP_010947086.1_1341	YP_095385.1	100.000	376	0	0	1	376	1	376	0.0	754
lcl|NC_002942.5_prot_WP_010947098.1_1353	YP_095397.1	100.000	525	0	0	1	525	1	525	0.0	1093
lcl|NC_002942.5_prot_WP_010947117.1_1372	WP_010947523.1	30.631	111	73	2	354	460	261	371	6.63e-09	52.4
lcl|NC_002942.5_prot_WP_015444525.1_1393	YP_095437.1	100.000	380	0	0	1	380	4	383	0.0	782
lcl|NC_002942.5_prot_WP_010947155.1_1411	YP_095455.1	100.000	884	0	0	1	884	1	884	0.0	1837
lcl|NC_002942.5_prot_WP_010947168.1_1424	AAW70662.1	31.718	227	152	1	57	280	189	415	1.21e-38	136
lcl|NC_002942.5_prot_WP_010947178.1_1434	WP_010947178.1	100.000	870	0	0	1	870	1	870	0.0	1808
lcl|NC_002942.5_prot_WP_010947182.1_1438	WP_010947182.1	100.000	172	0	0	1	172	1	172	6.64e-129	354
lcl|NC_002942.5_prot_WP_010947184.1_1440	YP_094067.1	26.512	215	105	6	196	361	155	365	1.70e-09	54.3
lcl|NC_002942.5_prot_WP_010947212.1_1468	YP_095512.1	100.000	529	0	0	1	529	1	529	0.0	1093
lcl|NC_002942.5_prot_WP_010947213.1_1469	WP_010947213.1	100.000	269	0	0	1	269	1	269	0.0	559
lcl|NC_002942.5_prot_WP_010947217.1_1473	YP_095517.1	100.000	865	0	0	1	865	1	865	0.0	1773
lcl|NC_002942.5_prot_WP_010947218.1_1474	WP_010947218.1	100.000	343	0	0	1	343	1	343	0.0	701
lcl|NC_002942.5_prot_WP_010947220.1_1476	YP_095520.1	100.000	413	0	0	1	413	1	413	0.0	830
lcl|NC_002942.5_prot_WP_010947225.1_1480	YP_095525.1	100.000	598	0	0	1	598	1	598	0.0	1241
lcl|NC_002942.5_prot_WP_010947230.1_1485	NP_819821.1	28.767	146	99	2	3	148	1	141	1.92e-20	77.4
lcl|NC_002942.5_prot_WP_010947245.1_1501	AAW70606.1	32.394	71	47	1	92	162	124	193	5.97e-05	37.4
lcl|NC_002942.5_prot_WP_010947246.1_1502	WP_010946018.1	24.399	291	183	9	10	297	9	265	5.01e-07	45.8
lcl|NC_002942.5_prot_WP_010947251.1_1507	AFK10355.1	34.884	129	75	5	318	439	172	298	6.38e-07	46.6
lcl|NC_002942.5_prot_WP_010947270.1_1526	AAW70624.1	42.857	56	32	0	5	60	220	275	1.55e-07	48.1
lcl|NC_002942.5_prot_WP_010947270.1_1526	AAW70624.1	37.500	64	40	0	173	236	216	279	4.97e-06	43.5
lcl|NC_002942.5_prot_WP_010947280.1_1536	WP_010947280.1	100.000	248	0	0	1	248	1	248	0.0	514
lcl|NC_002942.5_prot_WP_010947307.1_1564	YP_095607.1	100.000	149	0	0	1	149	1	149	7.10e-108	299
lcl|NC_002942.5_prot_WP_010947317.1_1575	YP_095617.1	100.000	672	0	0	1	672	1	672	0.0	1361
lcl|NC_002942.5_prot_WP_010947327.1_1585	YP_095627.1	100.000	353	0	0	1	353	1	353	0.0	718
lcl|NC_002942.5_prot_WP_010947329.1_1586	WP_010947329.1	100.000	428	0	0	1	428	1	428	0.0	865
lcl|NC_002942.5_prot_WP_010947342.1_1599	AAW70606.1	24.204	157	109	3	359	515	16	162	4.16e-07	45.8
lcl|NC_002942.5_prot_WP_010947343.1_1600	AAW70606.1	24.324	185	86	6	6	137	2	185	1.88e-05	40.8
lcl|NC_002942.5_prot_WP_010947348.1_1605	YP_095648.1	100.000	439	0	0	1	439	1	439	0.0	897
lcl|NC_002942.5_prot_WP_010947352.1_1609	YP_095652.1	100.000	130	0	0	1	130	1	130	5.58e-94	262
lcl|NC_002942.5_prot_WP_010947366.1_1623	WP_010947366.1	100.000	438	0	0	1	438	1	438	0.0	915
lcl|NC_002942.5_prot_WP_010947369.1_1626	YP_095669.1	100.000	417	0	0	1	417	1	417	0.0	858
lcl|NC_002942.5_prot_WP_010947381.1_1638	WP_010947381.1	100.000	372	0	0	1	372	1	372	0.0	771
lcl|NC_002942.5_prot_WP_010947387.1_1644	YP_095687.1	100.000	493	0	0	1	493	1	493	0.0	991
lcl|NC_002942.5_prot_WP_010947388.1_1645	YP_095688.1	100.000	372	0	0	1	372	1	372	0.0	744
lcl|NC_002942.5_prot_WP_015444435.1_1647	YP_095690.1	100.000	166	0	0	1	166	3	168	1.25e-124	343
lcl|NC_002942.5_prot_WP_010947393.1_1650	WP_010947393.1	100.000	467	0	0	1	467	1	467	0.0	956
lcl|NC_002942.5_prot_WP_010947394.1_1651	WP_010947394.1	100.000	463	0	0	1	463	1	463	0.0	968
lcl|NC_002942.5_prot_WP_010947397.1_1655	WP_010947397.1	100.000	296	0	0	1	296	1	296	0.0	607
lcl|NC_002942.5_prot_WP_010947410.1_1668	WP_010947410.1	100.000	502	0	0	1	502	1	502	0.0	1018
lcl|NC_002942.5_prot_WP_010947411.1_1669	WP_010947411.1	100.000	465	0	0	1	465	1	465	0.0	957
lcl|NC_002942.5_prot_WP_010947412.1_1670	WP_010947412.1	100.000	289	0	0	1	289	1	289	0.0	596
lcl|NC_002942.5_prot_WP_010947414.1_1672	WP_010947414.1	100.000	400	0	0	1	400	1	400	0.0	828
lcl|NC_002942.5_prot_WP_010947416.1_1674	YP_095716.1	100.000	208	0	0	1	208	1	208	5.42e-156	425
lcl|NC_002942.5_prot_WP_010947418.1_1676	AAW70636.1	27.402	281	190	9	50	328	49	317	1.14e-17	79.7
lcl|NC_002942.5_prot_WP_010947419.1_1677	WP_010947419.1	100.000	436	0	0	1	436	1	436	0.0	905
lcl|NC_002942.5_prot_WP_010947428.1_1685	YP_095728.1	100.000	560	0	0	1	560	1	560	0.0	1125
lcl|NC_002942.5_prot_WP_010947429.1_1686	YP_095729.1	100.000	546	0	0	1	546	1	546	0.0	1101
lcl|NC_002942.5_prot_WP_010947443.1_1700	WP_010947443.1	100.000	152	0	0	1	152	1	152	3.19e-115	318
lcl|NC_002942.5_prot_WP_010947444.1_1701	YP_095744.1	100.000	562	0	0	1	562	1	562	0.0	1174
lcl|NC_002942.5_prot_WP_010947445.1_1702	YP_095745.1	100.000	545	0	0	1	545	1	545	0.0	1129
lcl|NC_002942.5_prot_WP_010947455.1_1713	AAW70606.1	26.966	178	123	3	32	208	30	201	2.47e-15	69.3
lcl|NC_002942.5_prot_WP_010947477.1_1734	YP_095777.1	100.000	436	0	0	1	436	1	436	0.0	894
lcl|NC_002942.5_prot_WP_010947478.1_1735	YP_095778.1	100.000	215	0	0	1	215	1	215	2.68e-165	449
lcl|NC_002942.5_prot_WP_011946713.1_1745	CAJ11627.1	30.172	116	76	4	2	115	140	252	6.79e-06	42.4
lcl|NC_002942.5_prot_WP_010947502.1_1760	WP_010947502.1	100.000	161	0	0	1	161	1	161	8.01e-117	322
lcl|NC_002942.5_prot_WP_010947523.1_1783	WP_010947523.1	100.000	426	0	0	1	426	1	426	0.0	888
lcl|NC_002942.5_prot_WP_010947524.1_1784	WP_010947524.1	100.000	398	0	0	1	398	1	398	0.0	814
lcl|NC_002942.5_prot_WP_010947529.1_1789	WP_010947529.1	100.000	311	0	0	1	311	1	311	0.0	636
lcl|NC_002942.5_prot_WP_011946747.1_1806	AAW70606.1	26.282	156	103	4	357	511	16	160	4.44e-07	45.8
lcl|NC_002942.5_prot_WP_011214080.1_1809	AAU27901.1	100.000	332	0	0	1	332	8	339	0.0	671
lcl|NC_002942.5_prot_WP_015444409.1_1820	AAW70606.1	30.303	165	96	6	32	191	32	182	4.51e-09	50.8
lcl|NC_002942.5_prot_WP_010947562.1_1823	WP_010947562.1	100.000	472	0	0	1	472	1	472	0.0	974
lcl|NC_002942.5_prot_WP_010947569.1_1831	ALB19409.1	34.694	49	32	0	84	132	202	250	4.74e-05	39.7
lcl|NC_002942.5_prot_WP_010947577.1_1839	YP_095877.1	100.000	220	0	0	1	220	1	220	9.19e-163	443
lcl|NC_002942.5_prot_WP_015444405.1_1850	AAW70606.1	24.096	166	82	4	324	463	12	159	9.26e-08	48.1
lcl|NC_002942.5_prot_WP_010947601.1_1863	YP_095901.1	100.000	405	0	0	1	405	1	405	0.0	813
lcl|NC_002942.5_prot_WP_010947605.1_1867	YP_095905.1	100.000	443	0	0	1	443	1	443	0.0	925
lcl|NC_002942.5_prot_WP_010947607.1_1869	YP_095907.1	100.000	573	0	0	1	573	1	573	0.0	1163
lcl|NC_002942.5_prot_WP_010947624.1_1888	YP_095924.1	100.000	601	0	0	1	601	1	601	0.0	1243
lcl|NC_002942.5_prot_WP_010947634.1_1898	AAW70636.1	24.567	289	190	7	51	331	49	317	3.28e-16	75.5
lcl|NC_002942.5_prot_WP_010947641.1_1905	WP_010947641.1	100.000	930	0	0	1	930	1	930	0.0	1904
lcl|NC_002942.5_prot_WP_010947649.1_1912	YP_095949.1	100.000	204	0	0	1	204	1	204	6.80e-152	414
lcl|NC_002942.5_prot_WP_032802630.1_1913	WP_010948074.1	31.088	193	107	9	145	333	52	222	1.90e-08	50.4
lcl|NC_002942.5_prot_WP_010947663.1_1926	YP_095963.1	100.000	249	0	0	1	249	1	249	0.0	505
lcl|NC_002942.5_prot_WP_010947664.1_1927	YP_095964.1	100.000	335	0	0	1	335	1	335	0.0	668
lcl|NC_002942.5_prot_WP_010947665.1_1928	YP_095965.1	100.000	446	0	0	1	446	1	446	0.0	916
lcl|NC_002942.5_prot_WP_010947666.1_1929	YP_095966.1	100.000	374	0	0	1	374	1	374	0.0	767
lcl|NC_002942.5_prot_WP_010947669.1_1932	WP_010947669.1	100.000	760	0	0	1	760	1	760	0.0	1543
lcl|NC_002942.5_prot_WP_010947674.1_1937	YP_095974.1	100.000	542	0	0	1	542	1	542	0.0	1086
lcl|NC_002942.5_prot_WP_010947675.1_1938	WP_010947675.1	100.000	664	0	0	1	664	1	664	0.0	1363
lcl|NC_002942.5_prot_WP_010947676.1_1939	YP_095976.1	100.000	257	0	0	1	257	1	257	0.0	525
lcl|NC_002942.5_prot_WP_015444360.1_1940	YP_095977.1	100.000	504	0	0	1	504	7	510	0.0	1037
lcl|NC_002942.5_prot_WP_010947678.1_1941	YP_095978.1	100.000	188	0	0	1	188	1	188	1.35e-138	380
lcl|NC_002942.5_prot_WP_010947679.1_1942	YP_095979.1	100.000	699	0	0	1	699	1	699	0.0	1414
lcl|NC_002942.5_prot_WP_010947680.1_1943	YP_095980.1	100.000	436	0	0	1	436	1	436	0.0	880
lcl|NC_002942.5_prot_WP_010947681.1_1944	YP_095981.1	100.000	988	0	0	1	988	1	988	0.0	2007
lcl|NC_002942.5_prot_WP_010947682.1_1945	YP_095982.1	100.000	521	0	0	1	521	1	521	0.0	1077
lcl|NC_002942.5_prot_WP_010947685.1_1950	YP_095985.1	100.000	635	0	0	1	635	1	635	0.0	1303
lcl|NC_002942.5_prot_WP_010947688.1_1953	WP_010947688.1	100.000	125	0	0	1	125	1	125	5.73e-92	256
lcl|NC_002942.5_prot_WP_010947691.1_1956	WP_010947933.1	33.088	136	83	4	30	160	24	156	1.03e-15	70.1
lcl|NC_002942.5_prot_WP_010947691.1_1956	WP_010947933.1	47.619	42	22	0	119	160	399	440	6.44e-07	44.3
lcl|NC_002942.5_prot_WP_010947691.1_1956	WP_010947933.1	45.238	42	23	0	119	160	342	383	2.34e-05	39.7
lcl|NC_002942.5_prot_WP_010947692.1_1957	YP_095992.1	100.000	286	0	0	1	286	1	286	0.0	590
lcl|NC_002942.5_prot_WP_010947694.1_1959	YP_095994.1	100.000	644	0	0	1	644	1	644	0.0	1336
lcl|NC_002942.5_prot_WP_010947702.1_1966	WP_010947702.1	100.000	950	0	0	1	950	1	950	0.0	1952
lcl|NC_002942.5_prot_WP_010947718.1_1982	AAW70813.1	36.364	110	63	3	3	107	1	108	5.22e-19	72.0
lcl|NC_002942.5_prot_WP_015444342.1_1986	AAW70606.1	28.125	192	116	6	312	488	1	185	1.07e-12	62.4
lcl|NC_002942.5_prot_WP_010947729.1_1994	AFK10355.1	36.471	85	49	3	126	207	183	265	1.90e-05	40.8
lcl|NC_002942.5_prot_WP_010947735.1_2000	YP_001199348.1	23.497	183	96	7	167	321	249	415	2.32e-06	45.4
lcl|NC_002942.5_prot_WP_010947759.1_2024	AAW70743.1	32.540	126	77	2	59	176	33	158	6.95e-17	69.3
lcl|NC_002942.5_prot_WP_010947762.1_2027	AAW70606.1	30.952	168	100	6	36	201	32	185	1.35e-15	68.6
lcl|NC_002942.5_prot_WP_010947766.1_2031	WP_010947766.1	100.000	352	0	0	1	352	1	352	0.0	730
lcl|NC_002942.5_prot_WP_010947776.1_2043	AAW70606.1	28.395	162	96	4	362	518	16	162	1.71e-10	55.8
lcl|NC_002942.5_prot_WP_010947777.1_2044	AAW70606.1	23.699	173	119	4	352	523	2	162	8.44e-08	48.1
lcl|NC_002942.5_prot_WP_010947790.1_2056	WP_010947702.1	24.129	373	239	13	1634	1974	7	367	3.00e-09	57.0
lcl|NC_002942.5_prot_WP_010947796.1_2063	NP_862934.1	29.470	604	379	23	1	580	1	581	4.08e-60	206
lcl|NC_002942.5_prot_WP_010947803.1_2071	NP_957603.1	29.630	135	91	4	91	222	87	220	4.51e-07	44.3
lcl|NC_002942.5_prot_WP_015444224.1_2111	YP_096228.1	30.556	108	71	1	5	108	246	353	4.25e-17	70.5
lcl|NC_002942.5_prot_WP_010947848.1_2119	YP_096150.1	100.000	538	0	0	1	538	1	538	0.0	1101
lcl|NC_002942.5_prot_WP_010947855.1_2126	YP_096157.1	100.000	172	0	0	1	172	1	172	2.12e-130	357
lcl|NC_002942.5_prot_WP_010947858.1_2129	YP_096160.1	100.000	482	0	0	1	482	1	482	0.0	1002
lcl|NC_002942.5_prot_WP_010947859.1_2130	YP_096161.1	100.000	426	0	0	1	426	1	426	0.0	886
lcl|NC_002942.5_prot_WP_010947860.1_2131	WP_010947860.1	100.000	119	0	0	1	119	1	119	3.36e-87	244
lcl|NC_002942.5_prot_WP_015444213.1_2134	AAW70606.1	24.868	189	115	6	367	547	12	181	6.04e-08	48.5
lcl|NC_002942.5_prot_WP_010947864.1_2135	YP_096166.1	100.000	1533	0	0	1	1533	1	1533	0.0	3172
lcl|NC_002942.5_prot_WP_015444210.1_2136	YP_096167.1	100.000	301	0	0	73	373	1	301	0.0	626
lcl|NC_002942.5_prot_WP_010947866.1_2137	YP_096168.1	100.000	873	0	0	1	873	1	873	0.0	1802
lcl|NC_002942.5_prot_WP_015444209.1_2138	YP_096169.1	100.000	1921	0	0	1	1921	6	1926	0.0	3972
lcl|NC_002942.5_prot_WP_015444208.1_2139	YP_096170.1	100.000	1499	0	0	1	1499	8	1506	0.0	3111
lcl|NC_002942.5_prot_WP_010947871.1_2142	YP_096173.1	100.000	482	0	0	1	482	1	482	0.0	995
lcl|NC_002942.5_prot_WP_015444203.1_2146	AAU28230.1	100.000	142	0	0	1	142	13	154	1.45e-100	280
lcl|NC_002942.5_prot_WP_010947877.1_2148	YP_096179.1	100.000	419	0	0	1	419	1	419	0.0	863
lcl|NC_002942.5_prot_WP_010947885.1_2157	YP_096188.1	100.000	608	0	0	1	608	1	608	0.0	1267
lcl|NC_002942.5_prot_WP_010947908.1_2177	WP_010947908.1	100.000	210	0	0	1	210	1	210	1.82e-160	437
lcl|NC_002942.5_prot_WP_010947909.1_2178	YP_096212.1	100.000	178	0	0	1	178	1	178	2.15e-131	360
lcl|NC_002942.5_prot_WP_010947915.1_2185	WP_010947915.1	100.000	366	0	0	1	366	1	366	0.0	755
lcl|NC_002942.5_prot_WP_010947924.1_2194	Q5ZTE7	100.000	531	0	0	1	531	1	531	0.0	1102
lcl|NC_002942.5_prot_WP_010947925.1_2195	YP_096228.1	100.000	590	0	0	1	590	1	590	0.0	1187
lcl|NC_002942.5_prot_WP_010947931.1_2201	YP_096234.1	100.000	375	0	0	1	375	1	375	0.0	744
lcl|NC_002942.5_prot_WP_010947932.1_2202	WP_010947932.1	100.000	407	0	0	1	407	1	407	0.0	832
lcl|NC_002942.5_prot_WP_010947933.1_2203	WP_010947933.1	100.000	593	0	0	1	593	1	593	0.0	1223
lcl|NC_002942.5_prot_WP_015444166.1_2217	AAW70606.1	29.282	181	103	6	348	521	2	164	3.69e-11	58.2
lcl|NC_002942.5_prot_WP_010947948.1_2219	WP_010947948.1	100.000	1285	0	0	1	1285	1	1285	0.0	2660
lcl|NC_002942.5_prot_WP_015444163.1_2224	AAU28309.1	100.000	966	0	0	1	966	15	980	0.0	1988
lcl|NC_002942.5_prot_WP_010947957.1_2228	YP_096260.1	100.000	744	0	0	1	744	1	744	0.0	1545
lcl|NC_002942.5_prot_WP_010947980.1_2251	WP_010947980.1	100.000	216	0	0	1	216	1	216	4.04e-162	441
lcl|NC_002942.5_prot_WP_010947992.1_2263	AAU28348.1	100.000	132	0	0	1	132	1	132	3.80e-96	268
lcl|NC_002942.5_prot_WP_010947993.1_2264	AAW70606.1	29.189	185	116	6	24	206	16	187	2.13e-15	67.4
lcl|NC_002942.5_prot_WP_010948004.1_2273	YP_096307.1	100.000	425	0	0	1	425	1	425	0.0	854
lcl|NC_002942.5_prot_WP_010948006.1_2275	YP_124559.1	100.000	467	0	0	1	467	1	467	0.0	969
lcl|NC_002942.5_prot_WP_010948017.1_2286	YP_096320.1	100.000	1167	0	0	1	1167	1	1167	0.0	2397
lcl|NC_002942.5_prot_WP_010948028.1_2298	YP_096331.1	100.000	641	0	0	1	641	1	641	0.0	1329
lcl|NC_002942.5_prot_WP_010948029.1_2299	AFK10355.1	31.933	119	74	4	126	240	183	298	1.26e-08	50.8
lcl|NC_002942.5_prot_WP_010948033.1_2303	YP_096336.1	100.000	297	0	0	1	297	1	297	0.0	597
lcl|NC_002942.5_prot_WP_010948034.1_2304	YP_096337.1	100.000	127	0	0	1	127	1	127	8.89e-94	261
lcl|NC_002942.5_prot_WP_010948050.1_2321	WP_010948050.1	100.000	208	0	0	1	208	1	208	5.59e-157	428
lcl|NC_002942.5_prot_WP_010948057.1_2329	YP_096360.1	100.000	306	0	0	1	306	1	306	0.0	630
lcl|NC_002942.5_prot_WP_010948065.1_2337	YP_096368.1	100.000	147	0	0	1	147	1	147	6.10e-104	289
lcl|NC_002942.5_prot_WP_010948074.1_2348	WP_010948074.1	100.000	312	0	0	1	312	1	312	0.0	639
lcl|NC_002942.5_prot_WP_010948076.1_2351	WP_010948076.1	100.000	422	0	0	1	422	1	422	0.0	872
lcl|NC_002942.5_prot_WP_010948079.1_2355	AAU28436.1	100.000	157	0	0	1	157	1	157	8.38e-118	325
lcl|NC_002942.5_prot_WP_010948086.1_2361	WP_010948086.1	100.000	484	0	0	1	484	1	484	0.0	996
lcl|NC_002942.5_prot_WP_015444106.1_2364	WP_010948128.1	32.653	98	61	3	305	401	121	214	8.68e-07	45.8
lcl|NC_002942.5_prot_WP_010948095.1_2371	YP_096399.1	100.000	434	0	0	1	434	1	434	0.0	904
lcl|NC_002942.5_prot_WP_010948096.1_2372	WP_010948096.1	100.000	294	0	0	1	294	1	294	0.0	593
lcl|NC_002942.5_prot_WP_010948104.1_2380	YP_096408.1	100.000	354	0	0	1	354	1	354	0.0	703
lcl|NC_002942.5_prot_WP_010948110.1_2386	YP_096414.1	100.000	365	0	0	1	365	1	365	0.0	760
lcl|NC_002942.5_prot_WP_010948111.1_2387	YP_096415.1	100.000	101	0	0	1	101	1	101	5.53e-74	209
lcl|NC_002942.5_prot_WP_010948113.1_2389	YP_096417.1	100.000	272	0	0	1	272	1	272	0.0	563
lcl|NC_002942.5_prot_WP_010948114.1_2390	YP_096418.1	100.000	665	0	0	1	665	1	665	0.0	1372
lcl|NC_002942.5_prot_WP_010948115.1_2391	YP_096419.1	100.000	275	0	0	1	275	1	275	0.0	566
lcl|NC_002942.5_prot_WP_010948124.1_2401	WP_010948124.1	100.000	183	0	0	1	183	1	183	1.25e-139	382
lcl|NC_002942.5_prot_WP_010948125.1_2403	YP_096430.1	100.000	753	0	0	1	753	1	753	0.0	1564
lcl|NC_002942.5_prot_WP_010948127.1_2405	WP_010948127.1	100.000	448	0	0	1	448	1	448	0.0	915
lcl|NC_002942.5_prot_WP_010948128.1_2406	WP_010948128.1	100.000	268	0	0	1	268	1	268	0.0	546
lcl|NC_002942.5_prot_WP_010948136.1_2415	YP_096441.1	100.000	586	0	0	1	586	1	586	0.0	1214
lcl|NC_002942.5_prot_WP_010948137.1_2416	WP_010948137.1	100.000	164	0	0	1	164	1	164	3.80e-125	343
lcl|NC_002942.5_prot_WP_010948146.1_2425	WP_010948146.1	100.000	185	0	0	1	185	1	185	1.99e-141	387
lcl|NC_002942.5_prot_WP_010948147.1_2426	WP_010948147.1	100.000	204	0	0	1	204	1	204	4.70e-156	425
lcl|NC_002942.5_prot_WP_010948154.1_2434	WP_010948154.1	100.000	921	0	0	1	921	1	921	0.0	1908
lcl|NC_002942.5_prot_WP_010948157.1_2438	YP_096462.1	100.000	209	0	0	1	209	1	209	2.48e-157	429
lcl|NC_002942.5_prot_WP_010948158.1_2439	WP_010948158.1	100.000	471	0	0	1	471	1	471	0.0	966
lcl|NC_002942.5_prot_WP_010948163.1_2444	WP_010948163.1	100.000	212	0	0	1	212	1	212	1.47e-161	439
lcl|NC_002942.5_prot_WP_010948166.1_2447	YP_096471.1	100.000	647	0	0	1	647	1	647	0.0	1333
lcl|NC_002942.5_prot_WP_010948167.1_2448	YP_096472.1	100.000	507	0	0	1	507	1	507	0.0	1039
lcl|NC_002942.5_prot_WP_010948184.1_2465	YP_096489.1	100.000	448	0	0	1	448	1	448	0.0	937
lcl|NC_002942.5_prot_WP_010948188.1_2469	WP_012220155.1	51.754	456	219	1	8	462	16	471	9.37e-170	481
lcl|NC_002942.5_prot_WP_010948192.1_2474	YP_096497.1	100.000	1294	0	0	1	1294	1	1294	0.0	2606
lcl|NC_002942.5_prot_WP_010948200.1_2483	WP_010948200.1	100.000	310	0	0	1	310	1	310	0.0	642
lcl|NC_002942.5_prot_WP_010948206.1_2490	YP_096511.1	100.000	942	0	0	1	942	1	942	0.0	1937
lcl|NC_002942.5_prot_WP_010948207.1_2491	6YVG_A	100.000	295	0	0	1	295	1	295	0.0	610
lcl|NC_002942.5_prot_WP_010948210.1_2494	YP_096515.1	100.000	807	0	0	1	807	1	807	0.0	1676
lcl|NC_002942.5_prot_WP_010948211.1_2495	YP_096516.1	100.000	397	0	0	1	397	1	397	0.0	827
lcl|NC_002942.5_prot_WP_010948212.1_2496	YP_096517.1	100.000	908	0	0	1	908	1	908	0.0	1869
lcl|NC_002942.5_prot_WP_010948213.1_2497	YP_096518.1	100.000	917	0	0	1	917	1	917	0.0	1881
lcl|NC_002942.5_prot_WP_014842546.1_2501	ACJ19310.1	54.455	101	46	0	1	101	1	101	4.38e-37	116
lcl|NC_002942.5_prot_WP_010948225.1_2509	YP_096530.1	100.000	779	0	0	1	779	1	779	0.0	1622
lcl|NC_002942.5_prot_WP_010948227.1_2511	YP_096532.1	100.000	444	0	0	1	444	1	444	0.0	911
lcl|NC_002942.5_prot_WP_010948228.1_2512	WP_010948228.1	100.000	455	0	0	1	455	1	455	0.0	949
lcl|NC_002942.5_prot_WP_010948229.1_2513	YP_096534.1	100.000	558	0	0	1	558	1	558	0.0	1138
lcl|NC_002942.5_prot_WP_010948231.1_2515	YP_096536.1	100.000	572	0	0	1	572	1	572	0.0	1180
lcl|NC_002942.5_prot_WP_010948240.1_2526	WP_010948240.1	100.000	471	0	0	1	471	1	471	0.0	978
lcl|NC_002942.5_prot_WP_010948241.1_2527	WP_010948241.1	100.000	135	0	0	1	135	1	135	3.82e-101	281
lcl|NC_002942.5_prot_WP_010948243.1_2529	WP_010948243.1	100.000	277	0	0	1	277	1	277	0.0	579
lcl|NC_002942.5_prot_WP_010948248.1_2535	WP_010948248.1	100.000	469	0	0	1	469	1	469	0.0	969
lcl|NC_002942.5_prot_WP_010948254.1_2541	YP_096559.1	100.000	555	0	0	1	555	1	555	0.0	1140
lcl|NC_002942.5_prot_WP_010948257.1_2544	WP_010948257.1	100.000	284	0	0	1	284	1	284	0.0	586
lcl|NC_002942.5_prot_WP_010948258.1_2545	WP_010948258.1	100.000	462	0	0	1	462	1	462	0.0	947
lcl|NC_002942.5_prot_WP_010948277.1_2564	WP_010948277.1	100.000	252	0	0	1	252	1	252	0.0	518
lcl|NC_002942.5_prot_WP_010948284.1_2572	YP_096589.1	100.000	912	0	0	1	912	1	912	0.0	1903
lcl|NC_002942.5_prot_WP_010948288.1_2576	YP_096593.1	100.000	385	0	0	1	385	1	385	0.0	808
lcl|NC_002942.5_prot_WP_010948291.1_2579	YP_096596.1	100.000	165	0	0	1	165	1	165	1.63e-122	337
lcl|NC_002942.5_prot_WP_010948295.1_2583	AAW70705.1	41.954	174	90	3	6	168	6	179	1.35e-38	125
lcl|NC_002942.5_prot_WP_010948303.1_2591	YP_096608.1	100.000	434	0	0	1	434	1	434	0.0	889
lcl|NC_002942.5_prot_WP_015444002.1_2592	NP_820749.1	20.690	174	107	4	76	243	39	187	7.98e-06	40.8
lcl|NC_002942.5_prot_WP_010948328.1_2616	WP_010948328.1	100.000	250	0	0	1	250	1	250	0.0	512
lcl|NC_002942.5_prot_WP_010948337.1_2625	WP_010948337.1	100.000	403	0	0	1	403	1	403	0.0	842
lcl|NC_002942.5_prot_WP_010948338.1_2626	WP_010948338.1	100.000	460	0	0	1	460	1	460	0.0	955
lcl|NC_002942.5_prot_WP_010948339.1_2627	CAH12461.1	33.766	308	163	4	857	1123	42	349	9.08e-38	141
lcl|NC_002942.5_prot_WP_010948339.1_2627	CAH12461.1	31.624	351	235	3	749	1094	6	356	6.23e-33	127
lcl|NC_002942.5_prot_WP_010948339.1_2627	CAH12461.1	30.312	320	186	7	686	998	43	332	5.33e-25	103
lcl|NC_002942.5_prot_WP_010948339.1_2627	CAH12461.1	27.062	388	225	8	7	370	4	357	4.22e-24	100
lcl|NC_002942.5_prot_WP_010948339.1_2627	CAH12461.1	32.258	186	126	0	951	1136	32	217	5.02e-20	88.6
lcl|NC_002942.5_prot_WP_010948339.1_2627	CAH12461.1	31.963	219	147	2	900	1117	18	235	1.33e-19	87.4
lcl|NC_002942.5_prot_WP_010948339.1_2627	CAH12461.1	25.995	427	202	8	550	973	28	343	1.41e-18	84.3
lcl|NC_002942.5_prot_WP_010948339.1_2627	CAH12461.1	27.402	281	186	7	481	757	31	297	5.68e-18	82.4
lcl|NC_002942.5_prot_WP_010948339.1_2627	CAH12461.1	23.734	316	205	7	274	584	31	315	1.62e-06	46.6
lcl|NC_002942.5_prot_WP_010948360.1_2649	NP_820749.1	44.162	197	110	0	14	210	5	201	4.55e-59	180
lcl|NC_002942.5_prot_WP_011216539.1_2658	AAW70606.1	22.346	179	124	3	20	195	19	185	7.23e-06	40.4
lcl|NC_002942.5_prot_WP_011216546.1_2665	AFK10355.1	29.801	151	84	7	143	283	175	313	7.15e-06	42.4
lcl|NC_002942.5_prot_WP_010948392.1_2681	WP_010948392.1	100.000	176	0	0	1	176	1	176	5.12e-132	362
lcl|NC_002942.5_prot_WP_010948394.1_2683	WP_010948394.1	100.000	285	0	0	1	285	1	285	0.0	596
lcl|NC_002942.5_prot_WP_010948417.1_2708	YP_096722.1	100.000	520	0	0	1	520	1	520	0.0	1067
lcl|NC_002942.5_prot_WP_010948419.1_2710	WP_010948419.1	100.000	343	0	0	1	343	1	343	0.0	702
lcl|NC_002942.5_prot_WP_010948425.1_2717	YP_095978.1	38.506	174	75	7	3	157	26	186	1.02e-20	79.7
lcl|NC_002942.5_prot_WP_010948442.1_2734	YP_096747.1	100.000	389	0	0	1	389	1	389	0.0	807
lcl|NC_002942.5_prot_WP_010948443.1_2735	WP_010948443.1	100.000	655	0	0	1	655	1	655	0.0	1351
lcl|NC_002942.5_prot_WP_010948453.1_2745	AAW70662.1	32.388	423	278	5	1	417	1	421	3.50e-76	239
lcl|NC_002942.5_prot_WP_010948464.1_2756	ACJ17987.1	42.754	138	78	1	9	145	10	147	4.04e-45	140
lcl|NC_002942.5_prot_WP_010948481.1_2773	YP_096789.1	100.000	1151	0	0	1	1151	1	1151	0.0	2315
lcl|NC_002942.5_prot_WP_010948482.1_2774	WP_012220155.1	28.633	461	296	14	7	448	21	467	2.21e-33	126
lcl|NC_002942.5_prot_WP_010948491.1_2784	YP_096799.1	100.000	468	0	0	1	468	1	468	0.0	953
lcl|NC_002942.5_prot_WP_010948493.1_2786	AAU28854.1	100.000	460	0	0	1	460	1	460	0.0	926
lcl|NC_002942.5_prot_WP_010948500.1_2793	WP_010948500.1	100.000	286	0	0	1	286	1	286	0.0	588
lcl|NC_002942.5_prot_WP_015443931.1_2795	YP_096810.1	100.000	660	0	0	1	660	24	683	0.0	1363
lcl|NC_002942.5_prot_WP_010948506.1_2800	YP_096814.1	100.000	319	0	0	1	319	1	319	0.0	666
lcl|NC_002942.5_prot_WP_010948513.1_2807	YP_096821.1	100.000	577	0	0	1	577	1	577	0.0	1187
lcl|NC_002942.5_prot_WP_010948515.1_2809	WP_010948515.1	100.000	418	0	0	1	418	1	418	0.0	866
lcl|NC_002942.5_prot_WP_010948516.1_2810	YP_096824.1	100.000	2225	0	0	1	2225	1	2225	0.0	4537
lcl|NC_002942.5_prot_WP_010948517.1_2811	YP_096825.1	100.000	246	0	0	1	246	1	246	0.0	509
lcl|NC_002942.5_prot_WP_010948518.1_2812	YP_096826.1	100.000	621	0	0	1	621	1	621	0.0	1277
lcl|NC_002942.5_prot_WP_010948519.1_2813	YP_096827.1	100.000	546	0	0	1	546	1	546	0.0	1124
lcl|NC_002942.5_prot_WP_010948531.1_2825	WP_010948531.1	100.000	361	0	0	1	361	1	361	0.0	644
lcl|NC_002942.5_prot_WP_010948548.1_2843	YP_096856.1	100.000	636	0	0	1	636	1	636	0.0	1315
lcl|NC_002942.5_prot_WP_010948560.1_2856	YP_096868.1	100.000	294	0	0	1	294	1	294	0.0	603
lcl|NC_002942.5_prot_WP_010948565.1_2861	WP_010948565.1	100.000	583	0	0	1	583	1	583	0.0	1194
lcl|NC_002942.5_prot_WP_010948570.1_2866	WP_010948570.1	100.000	245	0	0	1	245	1	245	0.0	493
lcl|NC_002942.5_prot_WP_010948571.1_2867	WP_010948571.1	100.000	184	0	0	1	184	1	184	7.38e-139	380
lcl|NC_002942.5_prot_WP_010948574.1_2870	YP_096882.1	100.000	637	0	0	1	637	1	637	0.0	1304
lcl|NC_002942.5_prot_WP_010948590.1_2888	YP_096898.1	100.000	549	0	0	1	549	1	549	0.0	1131
lcl|NC_002942.5_prot_WP_025862431.1_2892	AAU28953.1	100.000	321	0	0	1	321	100	420	0.0	668
lcl|NC_002942.5_prot_WP_010948597.1_2897	Q5ZRH0	100.000	495	0	0	1	495	1	495	0.0	1037
lcl|NC_002942.5_prot_WP_011216765.1_2909	AAW70606.1	27.624	181	116	5	25	203	16	183	2.06e-13	62.0
lcl|NC_002942.5_prot_WP_010948621.1_2923	YP_096929.1	100.000	244	0	0	1	244	1	244	0.0	501
lcl|NC_002942.5_prot_WP_010948632.1_2934	AAW70606.1	21.759	216	154	4	367	580	1	203	3.08e-11	58.2
lcl|NC_002942.5_prot_WP_010948644.1_2949	NP_819950.2	31.157	536	292	10	1	530	19	483	1.52e-78	250
lcl|NC_002942.5_prot_WP_016357050.1_2952	AAW70743.1	24.444	135	89	6	164	287	18	150	3.44e-05	38.5
lcl|NC_002942.5_prot_WP_010948659.1_2964	YP_096967.1	100.000	871	0	0	1	871	1	871	0.0	1808
lcl|NC_002942.5_prot_WP_010948683.1_2988	WP_010948683.1	100.000	266	0	0	1	266	1	266	0.0	559
lcl|NC_002942.5_prot_WP_010948684.1_2989	WP_010948684.1	100.000	612	0	0	1	612	1	612	0.0	1278
lcl|NC_002942.5_prot_WP_010948685.1_2990	AAW70624.1	37.832	452	257	8	4	446	6	442	5.12e-87	268
