lcl|NC_003197.2_prot_NP_459018.1_13	Q8RP09	47.761	67	34	1	2	67	355	421	1.94e-14	69.3
lcl|NC_003197.2_prot_NP_459167.1_162	AAO58488.1	26.329	395	246	12	41	413	26	397	4.26e-19	84.0
lcl|NC_003197.2_prot_NP_459220.1_215	WP_001018194.1	89.394	264	28	0	1	264	1	264	0.0	494
lcl|NC_003197.2_prot_NP_459372.1_365	WP_011260398.1	56.322	348	148	2	19	364	18	363	2.60e-145	411
lcl|NC_003197.2_prot_NP_459383.1_376	Q989M4	32.143	168	108	3	3	168	2866	3029	5.22e-18	76.3
lcl|NC_003197.2_prot_NP_459778.1_770	Q8ZQQ2	100.000	765	0	0	1	765	1	765	0.0	1578
lcl|NC_003197.2_prot_NP_459947.1_937	AZR51399.1	100.000	319	0	0	1	319	1	319	0.0	662
lcl|NC_003197.2_prot_NP_459954.1_944	EFX50805.1	58.964	251	101	2	1	251	1	249	1.73e-109	311
lcl|NC_003197.2_prot_NP_460001.1_991	EDB9851882.1	100.000	170	0	0	1	170	1	170	2.63e-128	352
lcl|NC_003197.2_prot_NP_460026.1_1016	AZR56356.1	100.000	322	0	0	1	322	1	322	0.0	681
lcl|NC_003197.2_prot_NP_460060.1_1050	Q8ZMY7	72.512	211	56	2	14	222	14	224	7.21e-109	308
lcl|NC_003197.2_prot_NP_460061.1_1051	AZR51290.1	100.000	291	0	0	1	291	1	291	0.0	601
lcl|NC_003197.2_prot_NP_460064.1_1054	WP_001166946.1	100.000	561	0	0	1	561	1	561	0.0	1160
lcl|NC_003197.2_prot_NP_460085.1_1075	WP_005745414.1	39.706	68	38	2	3	67	257	324	8.91e-09	50.8
lcl|NC_003197.2_prot_NP_460194.1_1184	WP_094889292.1	100.000	336	0	0	1	336	1	336	0.0	703
lcl|NC_003197.2_prot_NP_460358.1_1348	WP_001738217.1	100.000	133	0	0	1	133	1	133	1.37e-98	274
lcl|NC_003197.2_prot_NP_460362.1_1352	WP_001738219.1	100.000	108	0	0	1	108	1	108	3.38e-78	221
lcl|NC_003197.2_prot_NP_460363.1_1353	Q7BVH7	100.000	196	0	0	1	196	1	196	1.17e-145	398
lcl|NC_003197.2_prot_NP_460364.1_1354	AAD19158.1	23.958	96	73	0	32	127	51	146	7.44e-07	42.0
lcl|NC_003197.2_prot_NP_460365.1_1355	WP_001079760.1	100.000	484	0	0	1	484	1	484	0.0	992
lcl|NC_003197.2_prot_NP_460366.1_1356	ATQ02846.1	100.000	195	0	0	1	195	1	195	1.37e-141	388
lcl|NC_003197.2_prot_NP_460367.1_1357	WP_151253718.1	100.000	138	0	0	1	138	1	138	8.99e-101	280
lcl|NC_003197.2_prot_NP_460368.1_1358	AAD19158.1	28.713	101	72	0	18	118	48	148	7.71e-13	58.2
lcl|NC_003197.2_prot_NP_460369.1_1359	WP_000690718.1	100.000	260	0	0	1	260	1	260	0.0	517
lcl|NC_003197.2_prot_NP_460370.1_1360	WP_000805851.1	100.000	229	0	0	1	229	1	229	2.26e-173	471
lcl|NC_003197.2_prot_NP_460380.1_1370	WP_010883345.1	49.522	418	201	5	23	431	25	441	1.42e-126	369
lcl|NC_003197.2_prot_NP_460383.1_1373	WP_054105001.1	35.714	70	45	0	245	314	231	300	8.49e-07	45.1
lcl|NC_003197.2_prot_NP_460384.1_1374	Q60236.1	42.000	200	113	2	17	214	9	207	9.92e-49	154
lcl|NC_003197.2_prot_NP_460386.1_1376	CAB58259.1	23.125	160	122	1	73	231	83	242	3.23e-14	66.2
lcl|NC_003197.2_prot_NP_460387.1_1377	NP_052408.1	37.465	355	208	5	2	348	3	351	2.21e-69	216
lcl|NC_003197.2_prot_NP_460394.1_1384	WP_003721944.1	48.756	201	94	3	1	193	1	200	2.25e-65	195
lcl|NC_003197.2_prot_NP_460542.1_1532	WP_001147134.1	100.000	210	0	0	1	210	1	210	8.75e-161	437
lcl|NC_003197.2_prot_NP_460554.1_1544	AAO56368.1	25.556	450	292	10	12	419	26	474	5.13e-34	134
lcl|NC_003197.2_prot_NP_460554.1_1544	AAO56368.1	21.687	166	119	1	548	702	717	882	3.10e-07	48.9
lcl|NC_003197.2_prot_NP_460561.1_1551	AJQ69616.1	100.000	316	0	0	1	316	1	316	0.0	658
lcl|NC_003197.2_prot_NP_448047.1_1578	ASE80998.1	100.000	133	0	0	1	133	1	133	1.46e-97	271
lcl|NC_003197.2_prot_NP_460590.1_1580	AKW02614.2	100.000	408	0	0	1	408	1	408	0.0	852
lcl|NC_003197.2_prot_NP_460656.1_1646	WP_001116926.1	100.000	457	0	0	1	457	1	457	0.0	951
lcl|NC_003197.2_prot_NP_460710.1_1700	AAL06349.1	39.623	53	28	3	85	137	70	118	5.99e-06	38.5
lcl|NC_003197.2_prot_NP_460722.1_1712	WP_030419593.1	23.247	271	165	7	352	585	172	436	4.80e-05	40.8
lcl|NC_003197.2_prot_NP_460800.1_1790	EFX50805.1	26.702	191	101	8	98	288	93	244	1.01e-05	41.2
lcl|NC_003197.2_prot_NP_460811.1_1801	Q7CQD4	100.000	240	0	0	1	240	1	240	0.0	498
lcl|NC_003197.2_prot_NP_460871.1_1861	NP_052408.1	31.728	353	213	8	8	347	4	341	3.61e-48	162
lcl|NC_003197.2_prot_NP_460885.1_1875	CAD17882.1	40.397	453	255	6	3	450	80	522	1.59e-110	333
lcl|NC_003197.2_prot_NP_460925.1_1915	WP_010883345.1	44.201	457	231	8	5	453	1	441	7.85e-120	353
lcl|NC_003197.2_prot_NP_460930.1_1920	WP_004666088.1	25.385	130	81	3	1	129	14	128	2.10e-07	42.4
lcl|NC_003197.2_prot_NP_460932.1_1922	Q60236.1	38.756	209	113	4	46	245	4	206	1.44e-33	116
lcl|NC_003197.2_prot_NP_460934.1_1924	CAB58259.1	23.963	217	160	4	21	233	30	245	2.81e-10	54.7
lcl|NC_003197.2_prot_NP_460954.1_1944	AAD18902.1	20.962	291	207	9	83	366	149	423	1.14e-05	42.7
lcl|NC_003197.2_prot_NP_461011.1_2001	WP_000703998.1	100.000	782	0	0	1	782	1	782	0.0	1629
lcl|NC_003197.2_prot_NP_461047.1_2037	CAA80362.1	25.301	332	222	5	13	332	16	333	3.93e-24	100
lcl|NC_003197.2_prot_NP_461081.1_2071	WP_010989041.1	100.000	348	0	0	1	348	1	348	0.0	723
lcl|NC_003197.2_prot_NP_461184.1_2174	WP_001115840.1	100.000	788	0	0	1	788	1	788	0.0	1613
lcl|NC_003197.2_prot_NP_461229.3_2219	AZR55017.1	99.685	317	1	0	1	317	24	340	0.0	653
lcl|NC_003197.2_prot_NP_461429.1_2419	EFX50805.1	25.439	228	138	9	43	259	39	245	5.42e-12	61.2
lcl|NC_003197.2_prot_NP_461519.1_2509	WP_010989047.1	100.000	497	0	0	1	497	1	497	0.0	1021
lcl|NC_003197.2_prot_NP_461550.1_2540	Q8ZMY7	100.000	228	0	0	1	228	1	228	6.33e-174	473
lcl|NC_003197.2_prot_NP_461592.1_2582	WP_010883017.1	30.178	169	103	5	67	228	58	218	1.86e-19	79.7
lcl|NC_003197.2_prot_NP_461706.1_2694	AYG15287.1	100.000	350	0	0	1	350	1	350	0.0	711
lcl|NC_003197.2_prot_NP_461725.1_2713	AAL06349.1	33.333	48	28	1	86	133	73	116	7.09e-05	35.4
lcl|NC_003197.2_prot_NP_461752.1_2740	AAO54387.1	28.056	360	226	11	4	354	2	337	4.50e-27	106
lcl|NC_003197.2_prot_NP_461786.1_2774	EBV3011379.1	100.000	302	0	0	1	302	1	302	0.0	624
lcl|NC_003197.2_prot_NP_461798.1_2786	WP_004188424.1	40.323	124	69	2	16	139	35	153	2.52e-26	94.0
lcl|NC_003197.2_prot_NP_461799.1_2787	WP_000922300.1	100.000	543	0	0	1	543	1	543	0.0	1131
lcl|NC_003197.2_prot_NP_461803.1_2791	WP_000258811.1	100.000	685	0	0	1	685	1	685	0.0	1412
lcl|NC_003197.2_prot_NP_461804.1_2792	EAX9274794.1	100.000	343	0	0	1	343	1	343	0.0	702
lcl|NC_003197.2_prot_NP_461805.1_2793	WP_000909019.1	100.000	409	0	0	1	409	1	409	0.0	813
lcl|NC_003197.2_prot_NP_461806.1_2794	EAM2495865.1	100.000	593	0	0	1	593	1	593	0.0	1175
lcl|NC_003197.2_prot_NP_461807.1_2795	AAD19158.1	20.690	116	92	0	25	140	42	157	5.01e-06	40.0
lcl|NC_003197.2_prot_NP_461808.1_2796	NP_052408.1	34.203	345	216	4	1	337	1	342	3.19e-61	196
lcl|NC_003197.2_prot_NP_461809.1_2797	CAB58259.1	25.000	216	149	4	22	228	31	242	3.37e-13	63.2
lcl|NC_003197.2_prot_NP_461811.1_2799	Q60236.1	36.715	207	122	3	15	220	10	208	2.49e-41	135
lcl|NC_003197.2_prot_NP_461812.1_2800	EAN3830061.1	100.000	303	0	0	1	303	1	303	0.0	613
lcl|NC_003197.2_prot_NP_461813.1_2801	P40613.1	100.000	336	0	0	1	336	1	336	0.0	687
lcl|NC_003197.2_prot_NP_461815.1_2803	WP_010883345.1	42.410	415	234	3	15	427	29	440	7.40e-103	308
lcl|NC_003197.2_prot_NP_461818.1_2806	WP_010921674.1	32.153	367	231	6	1	362	1	354	3.64e-57	186
lcl|NC_003197.2_prot_NP_461819.1_2807	WP_010883340.1	30.986	71	49	0	448	518	793	863	1.48e-05	42.7
lcl|NC_003197.2_prot_NP_461838.1_2826	AAO58488.1	42.469	405	222	6	20	418	1	400	5.60e-105	312
lcl|NC_003197.2_prot_NP_461866.1_2854	KMJ26268.1	100.000	317	0	0	1	317	1	317	0.0	667
lcl|NC_003197.2_prot_NP_461950.1_2938	O06662.1	78.626	131	28	0	1	131	1	131	4.60e-80	227
lcl|NC_003197.2_prot_NP_461974.1_2962	WP_001018194.1	23.827	277	175	9	173	433	5	261	3.14e-12	61.6
lcl|NC_003197.2_prot_NP_461993.1_2981	EFX50805.1	100.000	252	0	0	1	252	1	252	0.0	514
lcl|NC_003197.2_prot_NP_462390.1_3378	Q989M4	38.028	142	87	1	5	146	2866	3006	7.18e-25	95.5
lcl|NC_003197.2_prot_NP_462391.1_3379	WP_010883340.1	27.326	172	111	5	248	411	700	865	1.17e-12	64.7
lcl|NC_003197.2_prot_NP_462553.1_3541	NP_085266.1	85.263	95	13	1	1	95	18	111	7.91e-56	164
lcl|NC_003197.2_prot_NP_462688.1_3676	WP_030419593.1	28.114	281	147	11	264	496	163	436	1.59e-13	67.4
lcl|NC_003197.2_prot_NP_462764.1_3753	WP_010883345.1	30.882	408	264	8	4	403	25	422	1.59e-47	165
lcl|NC_003197.2_prot_NP_462766.1_3755	WP_010883345.1	29.589	365	233	7	76	433	75	422	2.67e-38	140
lcl|NC_003197.2_prot_NP_462807.1_3796	WP_010883345.1	29.455	275	163	8	138	400	138	393	9.09e-14	67.8
lcl|NC_003197.2_prot_NP_462936.1_3925	WP_003721944.1	62.019	208	71	2	1	206	1	202	8.06e-92	263
lcl|NC_003197.2_prot_NP_463026.1_4015	ECM2300820.1	100.000	336	0	0	1	336	1	336	0.0	698
lcl|NC_003197.2_prot_NP_463182.1_4171	NP_085266.1	37.037	81	51	0	14	94	30	110	7.41e-14	57.8
